Major,Total - Bachelor,Total Males - Bachelor,Total Females - Bachelor,Total - Master,Total Males - Master,Total Females - Masters,Total Phd,Total Males - Phd,Total Females - Phd
Agriculture and natural resources ........................................................,30929,15453,15476,6390,3026,3364,1333,721,612
"  Agriculture, agriculture operations, and related sciences ....................................",16252,7867,8385,2586,1207,1379,748,411,337
"    Agriculture, general ........................................................................",1596,918,678,316,133,183,21,11,10
"    Agricultural business and management, general ...............................................",1018,684,334,60,33,27,0,0,0
    Agribusiness/agricultural business operations ...............................................,1452,1001,451,30,16,14,0,0,0
    Agricultural economics ......................................................................,1420,1026,394,432,252,180,147,95,52
    Farm/farm and ranch management ..............................................................,118,90,28,8,5,3,0,0,0
    Agricultural/farm supplies retailing and wholesaling ........................................,91,44,47,0,0,0,0,0,0
    Agricultural business technology ............................................................,11,8,3,0,0,0,0,0,0
"    Agricultural business and management, other .................................................",42,23,19,4,2,2,0,0,0
"    Agricultural mechanization, general .........................................................",273,252,21,0,0,0,0,0,0
"    Agricultural production operations, general .................................................",79,52,27,14,5,9,0,0,0
    Animal/livestock husbandry and production ...................................................,172,57,115,0,0,0,0,0,0
    Aquaculture .................................................................................,77,51,26,31,19,12,6,3,3
    Crop production .............................................................................,25,21,4,7,6,1,1,1,0
    Horse husbandry/equine science and management ...............................................,69,3,66,0,0,0,0,0,0
    Agroecology and sustainable agriculture ......................................................,27,14,13,19,8,11,3,2,1
Natural resources and conservation,88,45,43,6,4,2,0,0,0
    Agricultural and food products processing ...................................................,110,56,54,2,1,1,8,5,3
    Equestrian/equine studies ...................................................................,287,14,273,0,0,0,0,0,0
"    Agricultural and domestic animal services, other .........................................................",1,0,1,0,0,0,0,0,0
"    Applied horticulture/horticultural operations, general ......................................",164,91,73,16,4,12,4,1,3
    Ornamental horticulture .....................................................................,113,70,43,5,2,3,8,4,4
    Landscaping and groundskeeping ..............................................................,167,118,49,3,1,2,0,0,0
    Turf and turfgrass management ...............................................................,143,136,7,3,3,0,0,0,0
    Floriculture/floristry operations and management .........................................................,4,0,4,0,0,0,0,0,0
"    Applied horticulture/horticultural business services, other ..................................",23,20,3,0,0,0,0,0,0
    International agriculture ...................................................................,37,18,19,28,17,11,0,0,0
    Agricultural and extension education services ...............................................,40,19,21,63,30,33,5,2,3
    Agricultural communication/journalism .......................................................,351,101,250,32,7,25,0,0,0
"    Agricultural public services, other .......................................................",88,51,37,0,0,0,0,0,0
"    Animal sciences, general ....................................................................",4627,987,3640,382,128,254,129,69,60
    Agricultural animal breeding ................................................................,2,1,1,11,1,10,5,2,3
    Animal health ...............................................................................,0,0,0,8,0,8,0,0,0
    Animal nutrition ............................................................................,0,0,0,0,0,0,3,2,1
    Dairy science ...............................................................................,151,61,90,15,5,10,6,5,1
    Livestock management ........................................................................,20,4,16,1,0,1,3,1,2
    Poultry science .............................................................................,127,60,67,17,7,10,9,5,4
"    Animal sciences, other ......................................................................",67,16,51,3,2,1,0,0,0
    Food science ................................................................................,1141,369,772,351,101,250,125,48,77
    Food technology and processing ..............................................................,33,13,20,3,1,2,0,0,0
"    Food science and technology, other ..........................................................",0,0,0,35,10,25,3,1,2
"    Plant sciences, general .....................................................................",307,223,84,72,40,32,35,19,16
    Agronomy and crop science ...................................................................,481,364,117,194,147,47,79,51,28
    Horticultural science .......................................................................,582,340,242,98,48,50,41,22,19
    Agricultural and horticultural plant breeding ...............................................,2,1,1,37,21,16,16,9,7
    Plant protection and integrated pest management .............................................,39,23,16,15,10,5,6,6,0
    Range science and management ................................................................,106,74,32,45,26,19,7,3,4
"    Plant sciences, other .......................................................................",34,23,11,48,26,22,23,16,7
"    Soil science and agronomy, general ..........................................................",116,82,34,124,63,61,40,20,20
    Soil chemistry and physics .....................................................................,19,14,5,5,1,4,0,0,0
"    Soil sciences, other ........................................................................",39,21,18,12,7,5,8,2,6
"    Agriculture, agriculture operations, and related sciences, other ............................",273,208,65,31,15,16,7,6,1
, , , , , , , , , 
  Natural resources and conservation ..........................................................,14677,7586,7091,3804,1819,1985,585,310,275
"    Natural resources/conservation, general .....................................................",1427,782,645,587,233,354,80,36,44
    Environmental studies .......................................................................,5103,2315,2788,757,373,384,58,30,28
    Environmental science .......................................................................,4343,2122,2221,927,412,515,158,78,80
"    Natural resources conservation and research, other .....................................................",32,14,18,38,24,14,5,2,3
    Natural resources management and policy .....................................................,520,289,231,570,249,321,24,12,12
    Natural resource economics ..................................................................,56,33,23,7,2,5,10,4,6
"    Water, wetlands, and marine resources management ............................................",79,47,32,73,30,43,0,0,0
    Land use planning and management/development ................................................,47,32,15,77,51,26,8,6,2
    Natural resource recreation and tourism ......................................................,31,22,9,0,0,0,0,0,0
    Natural resources law enforcement and protective services ......................................................,29,24,5,0,0,0,0,0,0
"    Natural resources management and policy, other ..............................................",289,141,148,25,10,15,2,2,0
    Fishing and fisheries sciences and management ...............................................,319,174,145,68,38,30,32,18,14
"    Forestry, general ...........................................................................",537,412,125,307,169,138,61,32,29
    Forest sciences and biology .................................................................,161,135,26,103,70,33,51,36,15
    Forest management/forest resources management ...............................................,147,124,23,36,24,12,5,3,2
    Urban forestry ..............................................................................,18,9,9,2,0,2,5,3,2
    Wood science and wood products/pulp and paper technology ....................................,68,59,9,20,13,7,10,5,5
    Forest resources production and management ................................................................,6,6,0,19,12,7,7,3,4
    Forest technology/technician ................................................................,11,9,2,0,0,0,11,6,5
"    Forestry, other .............................................................................",69,61,8,26,14,12,10,2,8
    Wildlife and wildlands science and management ...............................................,1160,642,518,152,91,61,40,24,16
"    Natural resources and conservation, other ...................................................",225,134,91,10,4,6,8,8,0
, ,,, ,,, ,,
Architecture and related services ...........................................................,9728,5567,4161,8448,4504,3944,255,147,108
  Architecture ......................................................................,6040,3540,2500,4557,2667,1890,135,79,56
"  City/urban, community and regional planning .................................................",843,540,303,2441,1200,1241,82,44,38
  Environmental design/architecture ...........................................................,756,458,298,142,72,70,24,17,7
  Interior architecture .......................................................................,502,32,470,184,26,158,0,0,0
  Landscape architecture ..............................................................,1006,622,384,735,303,432,2,0,2
"  Architectural history and criticism, general ................................................",66,28,38,39,17,22,4,3,1
  Architectural technology/technician .........................................................,244,171,73,0,0,0,0,0,0
  Architectural and building sciences/technology ......................................................,93,63,30,71,45,26,0,0,0
"  Architectural sciences and technology, other .......................................",0,0,0,16,11,5,2,1,1
  Real estate development ............................................................................,0,0,0,146,120,26,0,0,0
"  Architecture and related services, other ....................................................",178,113,65,117,43,74,6,3,3
, ,,, ,,, ,,
"Area, ethnic, cultural, gender, and group studies ..................................................",9232,2757,6475,1947,717,1230,302,112,190
  African studies .............................................................................,66,25,41,42,16,26,5,3,2
  American/United States studies/civilization .................................................,1550,585,965,246,89,157,107,43,64
  Asian studies/civilization ..................................................................,770,331,439,104,50,54,4,1,3
  East Asian studies ..........................................................................,461,182,279,146,78,68,22,7,15
"  Russian, Central European, East European and Eurasian studies ......................................................",27,12,15,30,12,18,0,0,0
  European studies/civilization ...............................................................,154,45,109,36,10,26,0,0,0
  Latin American studies ......................................................................,518,171,347,273,105,168,2,1,1
  Near and Middle Eastern studies .............................................................,238,101,137,172,87,85,27,16,11
  Pacific Area/Pacific Rim studies ............................................................,6,1,5,6,3,3,0,0,0
  Russian studies .............................................................................,93,47,46,49,29,20,0,0,0
  Scandinavian studies ........................................................................,21,10,11,3,2,1,2,1,1
  South Asian studies .........................................................................,22,9,13,8,3,5,2,0,2
  Southeast Asian studies .....................................................................,4,4,0,17,9,8,0,0,0
  Western European studies ....................................................................,7,0,7,60,18,42,4,1,3
  Canadian studies ............................................................................,0,0,0,0,0,0,0,0,0
  Slavic studies ..............................................................................,4,1,3,3,2,1,0,0,0
  Ural-Altaic and Central Asian studies .......................................................,0,0,0,11,6,5,2,2,0
"  Regional studies (U.S., Canadian, foreign) ......................................................",44,14,30,26,6,20,6,2,4
  Chinese studies .............................................................................,59,20,39,18,11,7,0,0,0
  French studies ..............................................................................,64,12,52,4,1,3,6,3,3
  German studies ..............................................................................,59,28,31,8,5,3,1,0,1
  Italian studies .............................................................................,44,9,35,15,5,10,3,1,2
  Japanese studies ............................................................................,46,15,31,7,5,2,0,0,0
  Korean studies ............................................................................,0,0,0,4,4,0,0,0,0
  Spanish and Iberian studies .................................................................,11,4,7,0,0,0,0,0,0
  Irish studies .....................................................................,0,0,0,0,0,0,0,0,0
  Latin American and Caribbean studies ......................................................,52,9,43,6,3,3,0,0,0
"  Area studies, other .........................................................................",931,273,658,71,25,46,3,0,3
  Ethnic studies .....................................................................,178,52,126,10,4,6,8,6,2
  African-American/Black studies ..............................................................,781,255,526,94,33,61,17,7,10
  American Indian/Native American studies .....................................................,235,85,150,49,16,33,7,2,5
"  Hispanic-American, Puerto Rican, and Mexican-American/Chicano studies .......................",449,132,317,56,18,38,13,4,9
  Asian-American studies ......................................................................,139,54,85,20,9,11,0,0,0
  Women's studies .............................................................................,1490,70,1420,180,12,168,29,0,29
  Gay/lesbian studies .............................................................................,8,1,7,0,0,0,0,0,0
  Folklore studies .....................................................................,5,1,4,16,2,14,0,0,0
  Disability studies .....................................................................,0,0,0,37,7,30,6,3,3
"  Ethnic, cultural minority, gender, and group studies, other ........................................",696,199,497,120,32,88,26,9,17
, ,,, ,,, ,,
Biological and biomedical sciences ..........................................................,95849,39545,56304,12415,5378,7037,7935,3708,4227
"  Biology/biological sciences, general ........................................................",64611,25382,39229,3490,1458,2032,964,448,516
"  Biomedical sciences, general ................................................................",2340,937,1403,1025,503,522,401,175,226
  Biochemistry ................................................................................,6579,3429,3150,268,123,145,554,281,273
  Biophysics ..................................................................................,90,59,31,47,28,19,123,84,39
  Molecular biology ...........................................................................,627,293,334,196,90,106,213,83,130
  Molecular biochemistry ......................................................................,360,198,162,69,19,50,67,36,31
  Molecular biophysics ........................................................................,0,0,0,1,0,1,10,8,2
  Structural biology ..........................................................................,0,0,0,2,1,1,5,1,4
  Radiation biology/radiobiology ..............................................................,5,3,2,9,7,2,8,7,1
  Biochemistry and molecular biology ...............................................,696,348,348,71,37,34,132,76,56
"  Biochemistry, biophysics and molecular biology, other .......................................",216,95,121,3,1,2,20,11,9
  Botany/plant biology ........................................................................,179,84,95,95,43,52,119,46,73
  Plant pathology/phytopathology ..............................................................,12,4,8,67,28,39,80,45,35
  Plant physiology ............................................................................,0,0,0,2,1,1,11,5,6
  Plant molecular biology .....................................................................,0,0,0,1,1,0,10,6,4
"  Botany/plant biology, other .................................................................",20,9,11,10,2,8,7,3,4
  Cell/cellular biology and histology .........................................................,404,188,216,47,18,29,177,87,90
  Anatomy .....................................................................................,423,189,234,103,49,54,61,29,32
  Developmental biology and embryology ........................................................,41,22,19,28,10,18,25,13,12
  Cell/cellular and molecular biology .........................................................,2001,946,1055,206,70,136,440,228,212
  Cell biology and anatomy ....................................................................,10,3,7,10,3,7,30,12,18
"  Cell/cellular biology and anatomical sciences, other ........................................",86,49,37,121,50,71,129,66,63
"  Microbiology, general .......................................................................",1658,780,878,170,71,99,231,108,123
  Medical microbiology and bacteriology .......................................................,628,263,365,135,43,92,176,62,114
  Virology ....................................................................................,0,0,0,0,0,0,18,5,13
  Parasitology ................................................................................,0,0,0,3,0,3,1,0,1
  Immunology ..................................................................................,0,0,0,23,11,12,137,59,78
  Microbiology and immunology ....................................................................,112,53,59,31,12,19,49,25,24
"  Microbiological sciences and immunology, other ..............................................",134,65,69,33,11,22,75,37,38
  Zoology/animal biology ......................................................................,1628,580,1048,133,42,91,92,42,50
  Entomology ..................................................................................,108,56,52,120,54,66,118,65,53
  Animal physiology ...........................................................................,68,32,36,74,29,45,41,21,20
  Animal behavior and ethology ................................................................,47,8,39,5,1,4,5,1,4
  Wildlife biology ............................................................................,318,160,158,10,5,5,2,2,0
"  Zoology/animal biology, other ...............................................................",5,0,5,4,4,0,0,0,0
"  Genetics, general ...........................................................................",229,99,130,68,22,46,157,68,89
  Molecular genetics ..........................................................................,197,75,122,18,8,10,88,29,59
  Animal genetics .............................................................................,25,5,20,21,10,11,32,8,24
  Plant genetics ..............................................................................,4,2,2,7,6,1,9,5,4
  Human/medical genetics ......................................................................,7,0,7,97,11,86,71,43,28
  Genome sciences/genomics ......................................................................,19,9,10,3,1,2,1,0,1
"  Genetics, other .............................................................................",0,0,0,3,2,1,13,8,5
"  Physiology, general .........................................................................",1350,610,740,419,234,185,196,93,103
  Molecular physiology ........................................................................,0,0,0,10,6,4,26,12,14
  Cell physiology .............................................................................,0,0,0,4,1,3,23,12,11
  Endocrinology ...............................................................................,0,0,0,3,2,1,2,1,1
  Reproductive biology ........................................................................,0,0,0,5,2,3,5,0,5
  Cardiovascular science ......................................................................,0,0,0,17,13,4,10,4,6
  Exercise physiology .........................................................................,1831,886,945,207,108,99,47,26,21
  Vision science/physiological optics ............................................................,70,21,49,18,8,10,21,13,8
  Pathology/experimental pathology ............................................................,22,6,16,89,33,56,182,73,109
  Oncology and cancer biology .................................................................,0,0,0,32,15,17,108,42,66
"  Physiology, pathology, and related sciences, other ..........................................",0,0,0,15,10,5,32,16,16
  Pharmacology ................................................................................,34,19,15,118,51,67,243,110,133
  Molecular pharmacology ......................................................................,0,0,0,8,2,6,41,15,26
  Neuropharmacology ..................................................................................,0,0,0,13,5,8,0,0,0
  Toxicology ..................................................................................,96,36,60,45,14,31,73,41,32
  Molecular toxicology ........................................................................,0,0,0,0,0,0,3,1,2
  Environmental toxicology ....................................................................,39,13,26,34,13,21,32,15,17
  Pharmacology and toxicology .................................................................,87,40,47,54,18,36,52,20,32
  Biometry/biometrics .........................................................................,24,13,11,19,15,4,13,8,5
  Biostatistics ...............................................................................,27,13,14,384,156,228,173,81,92
  Bioinformatics ..............................................................................,118,83,35,308,176,132,88,58,30
  Computational biology ............................................................................,18,14,4,9,8,1,16,10,6
"  Biomathematics, bioinformatics, and computational biology, other ....................................................",12,6,6,18,9,9,5,3,2
  Biotechnology ...............................................................................,687,340,347,1155,520,635,12,7,5
  Ecology .....................................................................................,668,308,360,189,90,99,174,82,92
  Marine biology and biological oceanography ..................................................,1091,376,715,178,64,114,71,30,41
  Evolutionary biology ........................................................................,36,10,26,10,4,6,32,16,16
  Aquatic biology/limnology ...................................................................,78,48,30,5,0,5,0,0,0
  Environmental biology .......................................................................,196,87,109,52,21,31,5,3,2
  Population biology ..........................................................................,0,0,0,12,7,5,9,3,6
  Conservation biology ........................................................................,153,60,93,61,25,36,14,7,7
  Systematic biology/biological systematics ......................................................,0,0,0,0,0,0,2,2,0
  Epidemiology ................................................................................,1,0,1,881,272,609,268,80,188
  Ecology and evolutionary biology ......................................................,301,120,181,33,13,20,65,26,39
"  Ecology, evolution, systematics and population biology, other ...............................",131,58,73,21,7,14,27,15,12
  Molecular medicine ............................................................................,0,0,0,8,4,4,44,21,23
  Neuroscience .....................................................................,3062,1214,1848,133,59,74,584,265,319
  Neuroanatomy .....................................................................,0,0,0,0,0,0,0,0,0
  Neurobiology and anatomy ............................................................................,647,274,373,19,10,9,102,45,57
  Neurobiology and behavior ............................................................................,70,31,39,32,19,13,17,10,7
"  Neurobiology and neurosciences, other ......................................................",1,0,1,0,0,0,0,0,0
"  Biological and biomedical sciences, other ...................................................",1112,434,678,968,479,489,216,104,112
, ,,, ,,, ,,
"Business, management, marketing, and personal and culinary services .................................",366815,190082,176733,191571,103253,88318,2531,1460,1071
"  Business, management, marketing, and related support services .................................",365490,189486,176004,191531,103245,88286,2531,1460,1071
"    Business/commerce, general ..................................................................",25584,13832,11752,11686,7124,4562,336,179,157
"    Business administration and management, general .............................................",138910,71480,67430,115528,64574,50954,1264,792,472
"    Purchasing, procurement/acquisitions and contracts management ...............................",508,284,224,527,289,238,0,0,0
    Logistics and materials management ..........................................................,2230,1601,629,536,365,171,1,1,0
    Office management and supervision ...........................................................,423,195,228,372,127,245,0,0,0
    Operations management and supervision .......................................................,3499,2139,1360,825,498,327,17,15,2
    Nonprofit/public/organizational management .......................................................................,530,201,329,1982,597,1385,14,0,14
    Customer service management .................................................................,24,11,13,2,0,2,0,0,0
    E-commerce/electronic commerce ..............................................................,278,156,122,208,111,97,1,0,1
    Transportation/transportation management ....................................................,159,116,43,46,35,11,4,3,1
    Research and development management ..................................................,0,0,0,24,10,14,0,0,0
    Project management ............................................................................,144,91,53,723,430,293,3,1,2
    Retail management ............................................................................,208,36,172,0,0,0,0,0,0
    Organizational leadership ......................................................,1264,597,667,1597,680,917,204,91,113
"    Business administration, management and operations, other ...................................",11878,6020,5858,5404,2891,2513,39,18,21
    Accounting ..................................................................................,49598,23821,25777,16559,7780,8779,39,17,22
    Accounting technology/technician and bookkeeping ............................................,140,80,60,0,0,0,0,0,0
    Auditing ......................................................................,30,10,20,27,13,14,0,0,0
    Accounting and finance ......................................................................,546,283,263,1532,533,999,0,0,0
    Accounting and business/management ..........................................................,3665,937,2728,295,122,173,0,0,0
"    Accounting and related services, other ......................................................",225,101,124,357,218,139,3,3,0
"    Administrative assistant and secretarial science, general ...................................",39,19,20,0,0,0,0,0,0
    Business/office automation/technology/data entry ............................................,83,49,34,0,0,0,0,0,0
    General office occupations and clerical services .........................................,10,2,8,0,0,0,0,0,0
"    Parts, warehousing, and inventory management operations .......................................",0,0,0,5,4,1,0,0,0
"    Business operations support and secretarial services, other .................................",0,0,0,71,22,49,0,0,0
    Business/corporate communications ...........................................................,613,223,390,215,57,158,0,0,0
    Business/managerial economics ...............................................................,5255,3568,1687,301,154,147,63,42,21
    Entrepreneurship/entrepreneurial studies ....................................................,2222,1464,758,771,462,309,2,2,0
    Small business administration/management ....................................................,63,41,22,19,9,10,0,0,0
"    Entrepreneurial and small business operations, other ........................................",33,20,13,54,34,20,1,1,0
"    Finance, general ............................................................................",31259,21537,9722,6058,3859,2199,51,40,11
    Banking and financial support services ......................................................,417,258,159,126,58,68,5,4,1
    Financial planning and services .............................................................,208,133,75,251,135,116,4,4,0
    International finance .......................................................................,7,5,2,28,15,13,0,0,0
    Investments and securities ..................................................................,118,96,22,194,139,55,0,0,0
    Public finance ..............................................................................,11,11,0,0,0,0,0,0,0
"    Finance and financial management services, other ............................................",223,140,83,195,120,75,0,0,0
"    Hospitality administration/management, general ..............................................",7240,2366,4874,430,147,283,26,13,13
    Tourism and travel services management ......................................................,620,210,410,172,77,95,0,0,0
    Hotel/motel administration/management .......................................................,2012,754,1258,108,48,60,11,2,9
    Restaurant/food services management .........................................................,716,337,379,0,0,0,0,0,0
    Resort management ...........................................................................,172,79,93,0,0,0,0,0,0
    Meeting and event planning ......................................................,327,36,291,0,0,0,0,0,0
    Casino management ............................................................................,2,2,0,0,0,0,0,0,0
"    Hotel, motel, and restaurant management ......................................................",126,33,93,0,0,0,0,0,0
"    Hospitality administration/management, other ................................................",530,232,298,127,40,87,4,3,1
"    Human resources management/personnel administration, general ................................",6285,1822,4463,3804,958,2846,33,10,23
    Labor and industrial relations ..............................................................,823,414,409,713,264,449,8,6,2
    Organizational behavior studies .............................................................,2892,1297,1595,2304,799,1505,151,61,90
    Labor studies ...............................................................................,84,54,30,22,9,13,1,0,1
    Human resources development .................................................................,601,185,416,1009,269,740,26,10,16
"    Human resources management and services, other ..............................................",415,187,228,1493,567,926,19,12,7
    International business/trade/commerce .......................................................,5860,2868,2992,2838,1692,1146,22,13,9
"    Management information systems, general .....................................................",7102,5358,1744,3288,2236,1052,64,43,21
    Information resources management/CIO training ...............................................,180,146,34,440,330,110,20,13,7
    Knowledge management ........................................................................,22,17,5,60,41,19,0,0,0
"    Management information systems and services, other ..........................................",171,106,65,130,79,51,0,0,0
"    Management science, general .................................................................",3029,1787,1242,903,479,424,7,7,0
    Business statistics .........................................................................,32,22,10,58,29,29,0,0,0
    Actuarial science ...........................................................................,913,520,393,355,233,122,0,0,0
"    Management sciences and quantitative methods, other .........................................",230,156,74,145,98,47,8,6,2
"    Marketing/marketing management, general .....................................................",30701,14250,16451,1843,731,1112,30,18,12
    Marketing research ..........................................................................,51,25,26,107,48,59,2,0,2
    International marketing .....................................................................,130,14,116,102,43,59,2,1,1
"    Marketing, other ............................................................................",1068,496,572,159,66,93,6,4,2
    Real estate .................................................................................,582,425,157,733,571,162,3,2,1
    Taxation ....................................................................................,0,0,0,1809,924,885,0,0,0
    Insurance ...................................................................................,737,479,258,110,59,51,1,0,1
"    Sales, distribution, and marketing operations, general ......................................",1106,553,553,194,77,117,3,1,2
    Merchandising and buying operations .........................................................,42,11,31,27,1,26,0,0,0
    Retailing and retail operations .............................................................,224,61,163,4,1,3,0,0,0
    Selling skills and sales operations .........................................................,399,242,157,0,0,0,0,0,0
"    General merchandising/sales/related marketing operations, other .......................",90,40,50,0,0,0,0,0,0
    Fashion merchandising .......................................................................,2511,103,2408,6,2,4,0,0,0
    Apparel and accessories marketing operations ................................................,851,64,787,8,0,8,0,0,0
    Tourism and travel services marketing operations ............................................,23,8,15,0,0,0,0,0,0
    Tourism promotion operations ................................................................,95,24,71,0,0,0,0,0,0
    Vehicle and vehicle parts and accessories marketing operations ..............................,84,72,12,0,0,0,0,0,0
    Special products marketing operations .......................................................,154,60,94,13,10,3,0,0,0
    Hospitality and recreation marketing operations .............................................,42,35,7,0,0,0,0,0,0
"    Specialized merchandising/sales/related marketing operations, other ...................",99,27,72,36,10,26,0,0,0
    Construction management .....................................................................,2608,2352,256,275,214,61,3,3,0
    Telecommunications management ......................................................,1,0,1,3,2,1,0,0,0
"    Business/management/marketing/related support services, other ........................",3104,1600,1504,1185,626,559,30,19,11
, , , , , , , , , 
  Personal and culinary services .............................................................,1325,596,729,40,8,32,0,0,0
"    Funeral service and mortuary science, general ...............................................",133,48,85,0,0,0,0,0,0
    Funeral direction/service ...............................................................,27,13,14,0,0,0,0,0,0
"    Cosmetology/cosmetologist, general......................................................",1,0,1,0,0,0,0,0,0
"    Cooking and related culinary arts, general .........................................",0,0,0,0,0,0,0,0,0
    Baking and pastry arts/baker/pastry chef ....................................................,51,4,47,0,0,0,0,0,0
    Culinary arts/chef training .................................................................,431,206,225,0,0,0,0,0,0
"    Restaurant, culinary, and catering management/manager .......................................",604,293,311,0,0,0,0,0,0
"    Food service, waiter/waitress, and dining room management ...............................",0,0,0,0,0,0,0,0,0
    Culinary science/culinology ......................................................,23,9,14,0,0,0,0,0,0
"    Culinary arts and related services, other ...................................................",52,22,30,40,8,32,0,0,0
"    Personal and culinary services, other .............................................................",3,1,2,0,0,0,0,0,0
, ,,, ,,, ,,
Communication and communications technologies .............................................,88752,33525,55227,9496,3065,6431,567,242,325
"  Communication, journalism, and related programs .............................................",83770,29921,53849,9005,2760,6245,563,239,324
"    Communication, general ............................................................................",6715,2123,4592,490,142,348,70,30,40
    Speech communication and rhetoric ......................................................,30766,10911,19855,2165,668,1497,240,91,149
    Mass communication/media studies ............................................................,9064,3318,5746,1110,374,736,116,49,67
"    Communication and media studies, other ......................................................",1801,550,1251,644,190,454,44,22,22
    Journalism ..................................................................................,12249,4082,8167,1706,586,1120,16,9,7
    Broadcast journalism ........................................................................,1082,460,622,82,24,58,0,0,0
    Photojournalism .............................................................................,170,59,111,9,2,7,0,0,0
"    Journalism, other ...........................................................................",685,213,472,194,53,141,0,0,0
    Radio and television ........................................................................,5034,2857,2177,210,95,115,13,8,5
    Digital communication and media/multimedia ..................................................,1596,933,663,296,163,133,11,8,3
"    Radio, television, and digital communication, other .........................................",785,408,377,16,5,11,0,0,0
"    Public relations, advertising, and applied communication ......................................................",1050,269,781,14,5,9,0,0,0
"    Organizational communication, general .......................................................",1036,343,693,157,40,117,4,2,2
    Public relations/image management ...........................................................,4121,885,3236,508,85,423,0,0,0
    Advertising .................................................................................,4728,1436,3292,344,100,244,8,4,4
    Political communication .....................................................................,76,32,44,0,0,0,0,0,0
    Health communication ........................................................................,59,16,43,132,19,113,10,1,9
    Sports communication ............................................................................,38,29,9,20,14,6,0,0,0
    International and intercultural communication......................................................,26,7,19,46,8,38,0,0,0
    Technical and scientific communication......................................................,28,9,19,25,9,16,7,3,4
"    Public relations, advertising and applied communication, other ..............................",964,249,715,152,31,121,0,0,0
    Publishing .....................................................................,2,1,1,172,28,144,0,0,0
"    Communication, journalism, and related programs, other ......................................",1695,731,964,513,119,394,24,12,12
, , , , ,,, ,,
  Communications technologies/technicians and support services ................................,4982,3604,1378,491,305,186,4,3,1
    Communications technology/technician ........................................................,111,81,30,31,9,22,4,3,1
    Photographic and film/video technology/technician and assistant .............................,81,51,30,0,0,0,0,0,0
    Radio and television broadcasting technology/technician .....................................,553,329,224,94,35,59,0,0,0
    Recording arts technology/technician ........................................................,1281,1157,124,25,19,6,0,0,0
"    Audiovisual communications technologies/technicians, other ..................................",122,89,33,0,0,0,0,0,0
"    Graphic communications, general .............................................................",255,101,154,0,0,0,0,0,0
    Printing management .........................................................................,54,24,30,3,1,2,0,0,0
    Prepress/desktop publishing and digital imaging design .........................................................................,105,39,66,0,0,0,0,0,0
    Animation/interactive technology/video graphics/special effects .......................,2158,1600,558,272,197,75,0,0,0
"    Graphic and printing equipment operator, general production .................................",62,33,29,0,0,0,0,0,0
    Printing press operator .....................................................................,25,18,7,0,0,0,0,0,0
"    Graphic communications, other ...............................................................",27,17,10,8,4,4,0,0,0
"    Communications technologies/technicians and support services, other .........................",148,65,83,58,40,18,0,0,0
, ,,, ,,, ,,
Computer and information sciences and support services .............................................,47384,38773,8611,20917,15129,5788,1698,1332,366
"  Computer and information sciences, general ..................................................",10779,9143,1636,4824,3665,1159,619,502,117
  Artificial intelligence and robotics ........................................................,0,0,0,72,58,14,24,21,3
  Information technology ......................................................................,5895,4727,1168,2468,1745,723,68,48,20
  Informatics .....................................................................,212,170,42,248,83,165,0,0,0
"  Computer and information sciences, other ....................................................",147,116,31,85,71,14,1,0,1
"  Computer programming/programmer, general ....................................................",1293,1080,213,59,45,14,9,8,1
"  Computer programming, specific applications .................................................",137,123,14,12,9,3,0,0,0
"  Computer programming, other ..............................................................................................",0,0,0,0,0,0,0,0,0
  Data processing and data processing technology/technician ...................................,104,82,22,0,0,0,0,0,0
  Information science/studies .................................................................,5711,4378,1333,3873,2538,1335,153,79,74
  Computer systems analysis/analyst ...........................................................,1459,1127,332,242,176,66,0,0,0
  Computer science ............................................................................,9804,8525,1279,6164,4654,1510,780,642,138
"  Web page, digital/multimedia and information resources design ...............................",1587,956,631,219,107,112,0,0,0
  Data modeling/warehousing and database administration .......................................,93,63,30,40,22,18,0,0,0
  Computer graphics ...........................................................................,1479,978,501,196,125,71,1,1,0
"  Modeling, virtual environments and simulation ......................................................",126,114,12,23,17,6,0,0,0
"  Computer software and media applications, other .............................................",321,293,28,59,40,19,0,0,0
  Computer systems networking and telecommunications ..........................................,1623,1460,163,717,560,157,3,3,0
  Network and system administration/administrator ......................................................,814,735,79,7,3,4,0,0,0
"  System, networking, and LAN/WAN management/manager ..........................................",276,228,48,9,8,1,0,0,0
  Computer and information systems security ...................................................,3683,3095,588,809,635,174,11,8,3
  Web/multimedia management and webmaster .....................................................,428,277,151,12,10,2,0,0,0
  Information technology project management ......................................................,203,163,40,227,159,68,1,0,1
  Computer support specialist ......................................................,1,0,1,0,0,0,0,0,0
"  Computer/information tech. services admin. and management, other .........................................",635,478,157,179,130,49,0,0,0
"  Computer and information sciences and support services, other ...............................",574,462,112,373,269,104,28,20,8
, ,,, ,,, ,,
Education ...................................................................................,105785,21757,84028,178062,41180,136882,9990,3215,6775
"  Education, general ..........................................................................",3271,571,2700,26022,6008,20014,1830,507,1323
  Bilingual and multilingual ...............................................................................,410,22,388,615,146,469,7,2,5
  Multicultural education .....................................................................,0,0,0,100,16,84,7,1,6
  Indian/Native American education ............................................................,0,0,0,0,0,0,0,0,0
"  Bilingual, multilingual, and multicultural education, other .................................",0,0,0,6,1,5,0,0,0
  Curriculum and instruction ..................................................................,22,1,21,17972,3436,14536,1173,288,885
"  Educational leadership and administration, general ..........................................",0,0,0,18725,6656,12069,3555,1307,2248
  Administration of special education .........................................................,0,0,0,36,6,30,7,0,7
  Adult and continuing education administration ...............................................,10,8,2,848,219,629,57,24,33
"  Educational, instructional, and curriculum supervision ......................................",41,4,37,1000,264,736,54,15,39
  Higher education/higher education administration ............................................,8,1,7,2315,659,1656,468,175,293
  Community college education .................................................................,0,0,0,37,4,33,37,12,25
  Elementary and middle school administration/principalship ...................................,0,0,0,1129,446,683,37,15,22
  Secondary school administration/principalship ...............................................,0,0,0,525,204,321,30,6,24
  Urban education and leadership ..............................................................,82,31,51,365,107,258,42,15,27
  Superintendency and educational system administration .......................................,0,0,0,854,309,545,75,29,46
"  Educational administration and supervision, other ...........................................",1,0,1,1492,514,978,314,107,207
  Educational/instructional media design ......................................................,27,16,11,4003,1164,2839,161,74,87
  Educational evaluation and research .........................................................,0,0,0,44,17,27,53,19,34
  Educational statistics and research methods .................................................,0,0,0,56,24,32,26,7,19
"  Educational assessment, testing, and measurement ............................................",0,0,0,62,10,52,11,5,6
  Learning sciences ............................................................................,0,0,0,19,7,12,2,1,1
"  Educational assessment, evaluation, and research, other .....................................",8,5,3,147,41,106,65,22,43
  International and comparative education .....................................................,1,0,1,276,45,231,23,4,19
  Social and philosophical foundations of education ...........................................,29,4,25,645,161,484,126,49,77
"  Special education and teaching, general .....................................................",7230,813,6417,14367,2247,12120,198,35,163
  Education/teaching of individuals with hearing impairments/deafness ..............,139,5,134,154,21,133,4,2,2
  Education/teaching of the gifted and talented ...............................................,0,0,0,317,32,285,1,0,1
  Education/teaching of individuals with emotional disturbances ...............................,151,27,124,97,21,76,8,4,4
  Education/teaching of individuals with mental retardation ...................................,188,14,174,228,52,176,2,0,2
  Education/teaching of individuals with multiple disabilities ................................,162,12,150,579,101,478,0,0,0
  Educ./teach. of individuals with orthopedic/physical health impair. .......................,2,1,1,22,2,20,0,0,0
  Education/teaching of individuals with vision impairments/blindness ..........................,23,0,23,126,18,108,0,0,0
  Educ./teach. of individuals with specific learning disabilities .......................,318,23,295,314,49,265,0,0,0
  Education/teaching of individuals with speech/language impairments .......................,273,11,262,259,10,249,0,0,0
  Education/teaching of individuals with autism ...............................................,0,0,0,149,12,137,0,0,0
  Education/teaching of individuals who are developmentally delayed ...........................,4,0,4,164,26,138,0,0,0
  Educ./teach. of individuals in early childhood spec. educ. programs .........................,204,8,196,1027,80,947,0,0,0
  Education/teaching of individuals in elementary special educ. programs ......................................................,133,6,127,427,54,373,0,0,0
  Educ./teach. of individuals in jr. high/middle school special educ. prog. ......................................................,2,0,2,200,77,123,0,0,0
  Education/teaching of individuals in secondary special educ. prog. ......................................................,12,6,6,184,54,130,0,0,0
"  Special education and teaching, other .......................................................",428,40,388,525,74,451,2,0,2
  Counselor education/school counseling and guidance services .................................,21,1,20,12952,2237,10715,320,82,238
  College student counseling and personnel services ...........................................,1,1,0,1041,285,756,24,12,12
"  Student counseling and personnel services, other ............................................",10,3,7,242,35,207,7,2,5
  Adult and continuing education and teaching .................................................,30,6,24,1212,365,847,172,48,124
  Elementary education and teaching ...........................................................,38440,3623,34817,13914,1807,12107,46,7,39
  Junior high/intermediate/middle school education and teaching ...............................,2831,680,2151,978,271,707,1,0,1
  Secondary education and teaching ............................................................,3865,1553,2312,8833,3285,5548,27,6,21
"  Teacher education, multiple levels ..........................................................",1785,299,1486,4533,1147,3386,36,5,31
  Montessori teacher education ................................................................,4,0,4,184,10,174,0,0,0
  Waldorf/Steiner teacher education ...............................................,0,0,0,1,0,1,0,0,0
  Kindergarten/preschool education and teaching ...............................................,1949,63,1886,358,8,350,10,1,9
  Early childhood education and teaching ......................................................,11620,378,11242,3042,171,2871,18,1,17
"  Teacher educ. and prof. dev., specific levels and methods, other ...........................",187,22,165,3826,888,2938,73,25,48
  Agricultural teacher education ..............................................................,640,259,381,321,100,221,39,21,18
  Art teacher education .......................................................................,1414,198,1216,1129,170,959,28,7,21
  Business teacher education ..................................................................,336,141,195,178,65,113,0,0,0
  Driver and safety teacher education .........................................................,0,0,0,9,4,5,0,0,0
  English/language arts teacher education .....................................................,2815,577,2238,1054,254,800,13,5,8
  Foreign language teacher education ..........................................................,110,20,90,237,45,192,17,6,11
  Health teacher education ....................................................................,1458,447,1011,693,199,494,38,7,31
  Family and consumer sciences/home economics teacher education ...............................,359,8,351,86,7,79,5,3,2
  Technology teacher education/industrial arts teacher education ..............................,485,406,79,336,162,174,4,2,2
  Sales and marketing operations/marketing and dist. teacher educ. .............................,22,8,14,124,50,74,0,0,0
  Mathematics teacher education ...............................................................,2282,746,1536,1933,639,1294,71,24,47
  Music teacher education .....................................................................,3780,1561,2219,1253,484,769,55,25,30
  Physical education teaching and coaching ....................................................,8693,5152,3541,2225,1312,913,38,18,20
  Reading teacher education ...................................................................,118,6,112,8028,378,7650,64,11,53
  Science teacher education/general science teacher education .................................,769,272,497,871,303,568,62,22,40
  Social science teacher education ............................................................,611,315,296,153,71,82,0,0,0
  Social studies teacher education ............................................................,2040,1201,839,745,391,354,7,4,3
  Technical teacher education .................................................................,303,163,140,233,84,149,66,19,47
  Trade and industrial teacher education ......................................................,841,538,303,278,100,178,10,6,4
  Computer teacher education ..................................................................,4,3,1,635,187,448,5,1,4
  Biology teacher education ...................................................................,453,171,282,327,108,219,0,0,0
  Chemistry teacher education .................................................................,94,47,47,82,38,44,0,0,0
  Drama and dance teacher education ...........................................................,147,26,121,72,15,57,0,0,0
  French language teacher education ...........................................................,66,11,55,40,4,36,0,0,0
  German language teacher education ...........................................................,21,12,9,2,2,0,0,0,0
  Health occupations teacher education ........................................................,7,0,7,27,3,24,10,1,9
  History teacher education ...................................................................,751,433,318,107,58,49,0,0,0
  Physics teacher education ...................................................................,58,38,20,58,40,18,0,0,0
  Spanish language teacher education ..........................................................,464,80,384,166,35,131,0,0,0
  Speech teacher education ....................................................................,41,9,32,62,8,54,16,5,11
  Geography teacher education .................................................................,5,4,1,9,3,6,0,0,0
  Latin teacher education .....................................................................,4,3,1,8,4,4,0,0,0
  School librarian/library media specialist .....................................................................,7,1,6,170,13,157,0,0,0
  Psychology teacher education ................................................................,13,3,10,0,0,0,0,0,0
  Earth science teacher education ......................................................,33,24,9,54,21,33,0,0,0
  Environmental education ............................................................................,1,0,1,10,1,9,0,0,0
"  Teacher educ. and prof. dev., specific subject areas, other ................................",370,99,271,2160,528,1632,53,13,40
  Teaching English as a second/foreign language/ESL language instructor ....................,235,44,191,3056,546,2510,16,1,15
  Teaching French as a second or foreign language ....................................,1,0,1,1,0,1,0,0,0
"  Teaching English or French as a second or foreign lang., other ......................................................",36,11,25,0,0,0,0,0,0
  Teacher assistant/aide ..................................................................,0,0,0,1,0,1,0,0,0
  Adult literacy tutor/instructor .............................................................,0,0,0,26,1,25,3,0,3
"  Education, other ............................................................................",1976,462,1514,3555,844,2711,261,100,161
, , , , , , , , , 
Engineering and engineering technologies .................................................................................,98540,81270,17270,45097,34698,10399,8856,6838,2018
  Engineering .................................................................................,81382,65829,15553,40323,31190,9133,8722,6770,1952
"    Engineering, general ........................................................................",2133,1697,436,2169,1684,485,399,323,76
    Pre-engineering ...........................................................................,6,6,0,0,0,0,0,0,0
"    Aerospace, aeronautical and astronautical engineering .......................................",3545,3082,463,1408,1217,191,275,235,40
    Agricultural engineering ......................................................,969,675,294,272,166,106,131,90,41
    Architectural engineering ....................................................................................................,813,607,206,142,102,40,4,2,2
    Bioengineering and biomedical engineering ..............................................................................,4464,2696,1768,1861,1129,732,882,564,318
    Ceramic sciences and engineering .............................................................................,69,49,20,7,5,2,10,10,0
    Chemical engineering ........................................................................................,6982,4743,2239,1377,878,499,818,560,258
    Chemical and biomolecular engineering ......................................................,46,18,28,12,7,5,5,3,2
"    Civil engineering, general ..................................................................",12523,9912,2611,4960,3650,1310,751,569,182
    Structural engineering ......................................................................,198,156,42,200,165,35,12,9,3
    Transportation and highway engineering ......................................................,0,0,0,93,69,24,10,10,0
    Water resources engineering .................................................................,9,7,2,63,34,29,13,10,3
"    Civil engineering, other ....................................................................",16,6,10,25,18,7,1,1,0
"    Computer engineering, general ...............................................................",4256,3882,374,1770,1413,357,347,292,55
    Computer hardware engineering ............................................................,0,0,0,3,1,2,0,0,0
    Computer software engineering ...............................................................,575,518,57,1101,813,288,7,6,1
"    Computer engineering, other .................................................................",0,0,0,18,14,4,1,1,0
    Electrical and electronics engineering .................................................,12086,10648,1438,9442,7636,1806,2091,1728,363
    Laser and optical engineering ......................................................,11,8,3,34,32,2,14,13,1
    Telecommunications engineering ......................................................,3,3,0,173,139,34,3,3,0
"    Electrical, electronics and communications engineering, other ......................................................",13,12,1,47,37,10,11,7,4
    Engineering mechanics .......................................................................,107,92,15,119,108,11,64,52,12
    Engineering physics/applied physics  .........................................................................,463,402,61,85,67,18,36,25,11
    Engineering science .........................................................................,457,323,134,308,238,70,89,67,22
    Environmental/environmental health engineering ..............................................,980,536,444,744,388,356,127,78,49
    Materials engineering .......................................................................,1028,754,274,764,512,252,549,423,126
    Mechanical engineering ......................................................................,20541,18057,2484,5841,5105,736,1213,1031,182
    Metallurgical engineering ...................................................................,121,87,34,41,33,8,20,14,6
    Mining and mineral engineering ..............................................................,250,219,31,53,44,9,8,7,1
    Naval architecture and marine engineering ...................................................,386,352,34,59,50,9,2,1,1
    Nuclear engineering .........................................................................,552,474,78,320,274,46,106,91,15
    Ocean engineering ...........................................................................,175,136,39,64,49,15,16,13,3
    Petroleum engineering .......................................................................,1068,905,163,432,364,68,74,62,12
    Systems engineering .........................................................................,720,581,139,1868,1449,419,89,69,20
    Textile sciences and engineering ............................................................,247,84,163,58,24,34,26,19,7
    Polymer/plastics engineering ................................................................,100,83,17,84,64,20,65,48,17
    Construction engineering ....................................................................,375,337,38,134,98,36,0,0,0
    Forest engineering ..........................................................................,42,34,8,6,5,1,1,1,0
    Industrial engineering ......................................................................,3421,2397,1024,2100,1506,594,283,203,80
    Manufacturing engineering ...................................................................,261,229,32,273,219,54,8,5,3
    Operations research .........................................................................,373,260,113,590,427,163,53,41,12
    Surveying engineering .........................................................................,55,53,2,6,5,1,2,2,0
    Geological/geophysical engineering ..........................................................,154,97,57,122,100,22,4,3,1
    Paper science and engineering ......................................................,17,14,3,1,1,0,2,1,1
    Electromechanical engineering ......................................................,38,37,1,0,0,0,0,0,0
"    Mechatronics, robotics, and automation engineering ......................................................",0,0,0,29,28,1,18,16,2
    Biochemical engineering ............................................................................,51,35,16,2,1,1,0,0,0
    Engineering chemistry .....................................................................,3,3,0,0,0,0,0,0,0
    Biological/biosystems engineering ......................................................,88,56,32,12,9,3,2,1,1
"    Engineering, other ..........................................................................",592,467,125,1031,813,218,80,61,19
, ,,, ,,, ,,
  Engineering technologies/construction trades/mechanics and repairers ........................................................,17158,15441,1717,4774,3508,1266,134,68,66
    Engineering technologies and engineering-related fields ........................................................,16531,14847,1684,4769,3504,1265,134,68,66
"      Engineering technology, general ..........................................................................................",1205,1105,100,293,232,61,5,4,1
      Architectural engineering technology/technician .............................................,458,418,40,0,0,0,0,0,0
      Civil engineering technology/technician ....................................................................,610,524,86,0,0,0,0,0,0
      Electrical/electronic/communications eng. technology/technician ...............................,2147,1979,168,26,22,4,0,0,0
      Laser and optical technology/technician ..........................................................,2,2,0,0,0,0,0,0,0
      Telecommunications technology/technician ....................................................,87,67,20,84,71,13,0,0,0
"      Electrical/electronic eng. technologies/technicians, other .......................",255,227,28,0,0,0,0,0,0
      Biomedical technology/technician ............................................................,90,73,17,1,1,0,3,2,1
      Electromechanical technology/electromechanical eng. technology .......................,93,86,7,1,1,0,0,0,0
      Instrumentation technology/technician .......................................................,18,15,3,0,0,0,0,0,0
      Robotics technology/technician ..............................................................,12,11,1,0,0,0,0,0,0
      Automation engineer technology/technician ......................................................,31,30,1,0,0,0,0,0,0
      Electromechanical/instrumentation and maintenance technol./tech. .............,8,8,0,0,0,0,0,0,0
"      Heating, ventilation, air conditioning and refrig. eng. technol./tech. ..........",5,4,1,0,0,0,0,0,0
      Energy management and systems technology/technician .........................................,111,97,14,60,48,12,0,0,0
      Solar energy technology/technician .........................................................................................,71,59,12,5,5,0,0,0,0
      Water quality/wastewater treatment manage./recycling technol./tech. ............,25,12,13,0,0,0,0,0,0
      Environmental engineering technology/environmental technology ...............................,82,56,26,70,48,22,2,1,1
      Hazardous materials management and waste technology/technician ..............................,1,1,0,0,0,0,0,0,0
"      Environmental control technologies/technicians, other .......................................",9,3,6,60,30,30,0,0,0
      Plastics engineering technology/technician ..................................................,96,89,7,6,4,2,0,0,0
      Industrial technology/technician ............................................................,1851,1703,148,393,267,126,15,12,3
      Manufacturing technology/technician .........................................................,597,552,45,61,54,7,0,0,0
      Welding engineering technology/technician ......................................................,6,6,0,0,0,0,0,0,0
"      Industrial production technologies/technicians, other .......................................",272,241,31,19,16,3,0,0,0
      Occupational safety and health technology/technician ........................................,894,748,146,386,291,95,0,0,0
      Quality control technology/technician .......................................................,11,10,1,87,50,37,0,0,0
      Industrial safety technology/technician .....................................................,109,90,19,25,19,6,0,0,0
"      Quality control and safety technologies/technicians, other ..................................",42,35,7,3,2,1,0,0,0
      Aeronautical/aerospace engineering technology/technician ....................................,72,62,10,0,0,0,0,0,0
      Automotive engineering technology/technician ................................................,311,300,11,16,14,2,0,0,0
      Mechanical engineering/mechanical technology/technician .....................................,1461,1399,62,7,6,1,0,0,0
"      Mechanical engineering related technologies/technicians, other ..............................",216,198,18,0,0,0,0,0,0
      Mining technology/technician ................................................................,4,4,0,0,0,0,0,0,0
      Petroleum technology/technician .............................................................,16,14,2,0,0,0,0,0,0
"      Mining and petroleum technologies/technicians, other ........................................",0,0,0,0,0,0,0,0,0
      Construction engineering technology/technician ..............................................,2089,1917,172,164,123,41,0,0,0
      Surveying technology/surveying ..............................................................,206,186,20,12,9,3,5,4,1
      Hydraulics and fluid power technology/technician ..........................................................,1,0,1,0,0,0,0,0,0
"      Engineering-related technologies, other ..........................................................................................",2,1,1,0,0,0,0,0,0
      Computer engineering technology/technician ..................................................,480,414,66,0,0,0,0,0,0
      Computer technology/computer systems technology .............................................,337,299,38,7,5,2,1,1,0
      Computer hardware technology/technician ..........................................,0,0,0,0,0,0,0,0,0
      Computer software technology/technician .....................................................,34,32,2,0,0,0,0,0,0
"      Computer engineering technologies/technicians, other ........................................",9,8,1,0,0,0,0,0,0
"      Drafting/design engineering technologies/technicians, general .................................",85,68,17,0,0,0,0,0,0
      CAD/CADD drafting and/or design technology/technician .......................................,64,57,7,6,5,1,0,0,0
      Civil drafting and civil engineering CAD/CADD ......................................................,6,6,0,0,0,0,0,0,0
      Mechanical drafting and mechanical drafting CAD/CADD ........................................,40,29,11,0,0,0,0,0,0
"      Drafting/design engineering technologies/technicians, other .................................",11,3,8,0,0,0,0,0,0
      Nuclear engineering technology/technician .........................................,149,135,14,0,0,0,0,0,0
      Engineering/industrial management ...........................................................,824,694,130,2839,2092,747,56,36,20
      Packaging science ................................................................................,264,183,81,30,15,15,3,2,1
"      Engineering-related fields, other ............................................................................",7,7,0,0,0,0,1,0,1
      Nanotechnology ............................................................................,0,0,0,8,7,1,43,6,37
"      Engineering tech. and engineering-related fields, other ......................................................",645,580,65,100,67,33,0,0,0
, ,,, ,,, ,,
    Construction trades ....................................................................................,377,359,18,5,4,1,0,0,0
"      Construction trades, general .................................................................................",17,17,0,0,0,0,0,0,0
      Building/property maintenance ....................................................................,0,0,0,5,4,1,0,0,0
      Building/construction site management/manager ......................................................,140,134,6,0,0,0,0,0,0
      Building construction technology ....................................................................,35,33,2,0,0,0,0,0,0
"      Building/construction finishing, mgmt., and inspection, other ..........................",92,88,4,0,0,0,0,0,0
"      Construction trades, other ..................................................................",93,87,6,0,0,0,0,0,0
   , ,,, ,,, ,,
    Mechanic and repair technologies/technicians ................................................,250,235,15,0,0,0,0,0,0
      Communications systems installation and repair technology ............................................,1,1,0,0,0,0,0,0,0
      Industrial electronics technology/technician ..................................................,1,1,0,0,0,0,0,0,0
      Heavy equipment maintenance technology/technician ...........................................,16,16,0,0,0,0,0,0,0
      Autobody/collision and repair technology/technician ..................................................,0,0,0,0,0,0,0,0,0
      Automobile/automotive mechanics technology/technician .......................................,27,24,3,0,0,0,0,0,0
      Diesel mechanics technology/technician ......................................................,22,21,1,0,0,0,0,0,0
      Airframe mechanics and aircraft maintenance technology/technician ...........................,43,39,4,0,0,0,0,0,0
      Aircraft powerplant technology/technician ...................................................,46,44,2,0,0,0,0,0,0
      Avionics maintenance technology/technician ..................................................,93,88,5,0,0,0,0,0,0
"      Vehicle maintenance and repair, other ...............................................................",1,1,0,0,0,0,0,0,0
, ,,, ,,, ,,
English language and literature/letters .....................................................,53767,16976,36791,9939,3403,6536,1427,548,879
"  English language and literature, general ......................................................",43260,13273,29987,5411,1815,3596,1219,470,749
"  Writing, general ............................................................................",559,218,341,101,34,67,0,0,0
  Creative writing ............................................................................,2715,1008,1707,3379,1226,2153,17,10,7
"  Professional, technical, business, and scientific writing ......................................................",685,237,448,335,112,223,28,10,18
  Rhetoric and composition ................................................................................,5008,1784,3224,347,114,233,91,28,63
"  Rhetoric and composition/writing studies, other ......................................................",24,9,15,3,1,2,5,1,4
  General literature ..........................................................................................................,200,58,142,17,6,11,5,1,4
  American literature (United States) ......................................................,57,23,34,6,0,6,0,0,0
  English literature (British and Commonwealth) ......................................................,325,84,241,177,52,125,8,4,4
  Children's and adolescent literature ......................................................,0,0,0,0,0,0,0,0,0
"  Literature, other ..........................................................................................................",6,0,6,0,0,0,0,0,0
"  English language and literature/letters, other ......................................................",928,282,646,163,43,120,54,24,30
, ,,, ,,, ,,
Family and consumer sciences/human sciences .................................................,23428,2693,20735,3157,413,2744,325,59,266
"  Family and consumer sciences/human sciences, general ........................................",3827,329,3498,562,92,470,63,18,45
  Business family and consumer sciences/human sciences ........................................,184,58,126,5,0,5,3,0,3
  Family and consumer sciences/human sciences communication ...................................,21,3,18,0,0,0,0,0,0
  Consumer merchandising/retailing management .................................................,229,25,204,5,1,4,1,0,1
"  Family resource management studies, general .................................................",800,243,557,85,34,51,5,1,4
  Consumer economics ..........................................................................,257,87,170,0,0,0,0,0,0
"  Family and consumer economics and related services, other ...................................",368,39,329,3,1,2,5,2,3
"  Foods, nutrition, and wellness studies, general .............................................",2417,431,1986,598,68,530,35,6,29
  Human nutrition .............................................................................,664,114,550,280,34,246,22,8,14
  Food service systems administration/management ...............................................,794,314,480,4,0,4,0,0,0
"  Foods, nutrition, and related services, other ...............................................",16,2,14,24,2,22,0,0,0
"  Housing and human environments, general .....................................................",235,42,193,30,8,22,7,2,5
  Facilities planning and management .....................................................,65,57,8,11,9,2,0,0,0
"  Housing and human environments, other .......................................................",33,4,29,0,0,0,0,0,0
"  Human development and family studies, general ...............................................",7335,590,6745,613,86,527,97,11,86
  Adult development and aging .................................................................,11,1,10,140,12,128,0,0,0
  Family systems ..............................................................................,427,47,380,28,2,26,7,2,5
  Child development ...........................................................................,1739,63,1676,230,12,218,38,3,35
  Family and community services ...............................................................,1011,113,898,293,26,267,18,1,17
  Child care and support services management ..................................................,235,4,231,45,3,42,0,0,0
  Child care provider/assistant ...............................................................,6,0,6,3,0,3,0,0,0
"  Human development, family studies, and related services, other ..............................",421,25,396,46,4,42,8,1,7
"  Apparel and textiles, general ...............................................................",1952,87,1865,75,10,65,12,3,9
  Apparel and textile manufacture .............................................................,50,4,46,0,0,0,0,0,0
  Textile science ............................................................................,0,0,0,0,0,0,1,1,0
  Apparel and textile marketing management ....................................................,293,5,288,41,2,39,1,0,1
"  Apparel and textiles, other .....................................................................",11,0,11,1,0,1,0,0,0
"  Family and consumer sciences/human sciences, other ..........................................",27,6,21,35,7,28,2,0,2
, ,,, ,,, ,,
"Foreign languages, literatures, and linguistics .............................................",21764,6630,15134,3827,1280,2547,1231,497,734
"  Foreign languages and literatures, general ..................................................",1677,494,1183,243,67,176,18,9,9
  Linguistics .................................................................................,1947,643,1304,755,270,485,238,111,127
  Language interpretation and translation .....................................................,56,19,37,147,37,110,4,2,2
  Comparative literature ......................................................................,731,204,527,143,54,89,172,70,102
  Applied linguistics ..........................................................................................................,3,1,2,21,8,13,1,0,1
"  Linguistic/comparative/related language studies and serv., other ...................",159,45,114,12,3,9,10,5,5
"  African languages, literatures, and linguistics .............................................",5,2,3,1,1,0,3,1,2
"  East Asian languages, literatures, and linguistics, general .................................",181,82,99,96,32,64,18,9,9
  Chinese language and literature .............................................................,496,240,256,46,8,38,9,2,7
  Japanese language and literature ............................................................,668,326,342,36,16,20,9,4,5
  Korean language and literature ..............................................................,38,21,17,8,5,3,3,1,2
"  East Asian languages, literatures, and linguistics, other ...................................",91,44,47,31,17,14,15,7,8
"  Slavic languages, literatures, and linguistics, general .....................................",63,24,39,55,23,32,25,7,18
  Russian language and literature .............................................................,392,187,205,17,4,13,2,1,1
  Polish language and literature ..............................................................,1,1,0,0,0,0,0,0,0
"  Slavic/Baltic/Albanian languages, lit., and linguistics, other ...........................................",1,0,1,0,0,0,2,0,2
"  Germanic languages, literatures, and linguistics, general ...................................",87,50,37,30,15,15,25,12,13
  German language and literature ..............................................................,1001,451,550,130,49,81,67,21,46
"  Scandinavian languages, literatures, and linguistics ........................................",11,6,5,2,1,1,0,0,0
  Danish language and literature ...........................................................................,1,0,1,0,0,0,0,0,0
  Dutch/Flemish language and literature ...........................................................,1,0,1,0,0,0,0,0,0
  Norwegian language and literature ...........................................................,2,2,0,0,0,0,0,0,0
  Swedish language and literature ...........................................................,6,1,5,0,0,0,0,0,0
  Modern Greek language and literature ........................................................,5,2,3,0,0,0,0,0,0
"  South Asian languages, literatures, and linguistics, general ................................",4,0,4,2,1,1,4,2,2
"  Iranian and Persian languages, lit., and linguistics ...............................................",10,4,6,0,0,0,1,1,0
"  Romance languages, literatures, and linguistics, general ....................................",139,32,107,83,28,55,43,15,28
  French language and literature ..............................................................,2362,527,1835,341,84,257,96,31,65
  Italian language and literature .............................................................,332,99,233,72,29,43,35,17,18
  Portuguese language and literature ..........................................................,53,30,23,14,6,8,7,3,4
  Spanish language and literature .............................................................,8718,2158,6560,991,267,724,189,58,131
"  Hispanic and Latin American languages, lit., and linguistics, general ......................................................",83,20,63,20,6,14,17,3,14
"  Romance languages, literatures, and linguistics, other ......................................",84,29,55,64,25,39,37,15,22
"  American Indian/Native American languages, literatures, and linguistics ......................................",1,0,1,4,2,2,1,1,0
"  Middle/Near Eastern and Semitic languages, lit., and linguistics, general ......................................................",4,2,2,10,5,5,9,3,6
  Arabic language and literature ..............................................................,143,75,68,8,2,6,7,4,3
  Hebrew language and literature ..............................................................,40,14,26,23,12,11,8,6,2
"  Ancient Near Eastern and biblical languages, lit., and linguistics ...................",42,25,17,20,15,5,7,5,2
"  Middle/Near Eastern and Semitic languages, lit., and ling., other ..............................",89,41,48,50,27,23,23,14,9
"  Classics and classical languages, lit., and linguistics, general ...................",1197,546,651,231,118,113,98,51,47
  Ancient/classical Greek language and literature .............................................,35,15,20,2,1,1,0,0,0
  Latin language and literature ...............................................................,81,36,45,18,8,10,0,0,0
"  Classics and classical languages, lit., and linguistics, other .......................",19,7,12,14,10,4,1,1,0
"  Celtic languages, literatures, and linguistics ..............................................",0,0,0,1,1,0,3,0,3
  Filipino/Tagalog language and literature ..............................................,5,2,3,0,0,0,0,0,0
"  Uralic languages, literatures, and linguistics ..............................................",2,0,2,0,0,0,0,0,0
  American sign language (ASL) ................................................................,120,13,107,2,2,0,0,0,0
  Sign language interpretation and translation ................................................,280,23,257,17,4,13,0,0,0
"  Foreign languages, literatures, and linguistics, other ......................................",298,87,211,67,17,50,24,5,19
 , ,,, ,,, ,,
Health professions and related programs ............................................,163440,24868,138572,83893,15625,68268,62090,26074,36016
"  Health and wellness, general ......................................................",6445,1659,4786,659,288,371,99,40,59
  Chiropractic ............................................................................,0,0,0,0,0,0,2496,1538,958
"  Communication sciences and disorders, general ............................................................",3993,222,3771,1842,78,1764,40,12,28
  Audiology/audiologist ...............................................................................,270,23,247,108,8,100,633,97,536
  Speech-language pathology/pathologist .......................................................,1053,38,1015,2414,87,2327,23,1,22
  Audiology/audiologist and speech-language pathology/pathologist .............................,4040,185,3855,2562,77,2485,186,23,163
"  Communication disorders sciences and services, other ........................................",81,1,80,97,3,94,15,1,14
  Dentistry ............................................................................,0,0,0,0,0,0,5109,2748,2361
"  Dental clinical sciences, general .................................................",0,0,0,298,177,121,10,5,5
  Advanced general dentistry ...................................................................,0,0,0,6,2,4,111,57,54
  Oral biology and oral maxillofacial pathology ................................................................,0,0,0,82,42,40,20,9,11
  Dental public health and education .............................................................,0,0,0,3,0,3,3,1,2
  Dental materials ..........................................................................,0,0,0,3,2,1,0,0,0
  Endodontics/endodontology ......................................................................,0,0,0,27,19,8,0,0,0
  Oral/maxillofacial surgery ...............................................................,0,0,0,0,0,0,2,2,0
  Orthodontics/orthodontology ...................................................................,0,0,0,81,52,29,4,4,0
  Pediatric dentistry/pedodontics ..............................................................,0,0,0,22,6,16,0,0,0
  Periodontics/periodontology ..................................................................,0,0,0,45,23,22,2,2,0
  Prosthodontics/prosthodontology .................................................................,0,0,0,34,19,15,2,2,0
"  Advanced/graduate dentistry and oral sciences, other ........................................",0,0,0,47,17,30,7,3,4
  Dental assisting/assistant ..............................................................................,1,0,1,0,0,0,0,0,0
  Dental hygiene/hygienist ....................................................................,1996,75,1921,72,2,70,0,0,0
  Dental laboratory technology/technician .....................................................,21,10,11,10,2,8,0,0,0
"  Dental services and allied professions, other ...............................................",12,0,12,8,1,7,0,0,0
  Health/health care administration/management ................................................,6968,1402,5566,6601,2144,4457,167,46,121
  Hospital and health care facilities administration/management ...............................,3308,427,2881,849,290,559,5,1,4
  Health unit manager/ward supervisor .....................................................,9,4,5,5,2,3,0,0,0
  Medical office management/administration ....................................................,4,1,3,0,0,0,0,0,0
  Health information/medical records administration/administrator .............................,1301,186,1115,197,51,146,0,0,0
  Health information/medical records technology/technician ....................................,39,6,33,0,0,0,0,0,0
  Medical/health management and clinical assistant/specialist .................................,51,10,41,6,1,5,0,0,0
  Medical staff services technology/technician ................................................,8,1,7,0,0,0,0,0,0
  Long term care administration/management ......................................................,312,29,283,10,7,3,0,0,0
  Clinical research coordinator ......................................................,21,6,15,67,8,59,0,0,0
"  Health and medical administrative services, other ...........................................",604,115,489,350,130,220,8,2,6
  Medical/clinical assistant ..................................................................,856,119,737,223,42,181,0,0,0
  Pharmacy technician/assistant .....................................................,3,1,2,0,0,0,0,0,0
  Physical therapy technician/assistant ................................................................,4,1,3,0,0,0,0,0,0
  Veterinary/animal health technology/technician and vet. assistant .....................,365,25,340,0,0,0,0,0,0
  Anesthesiologist assistant .............................................................,0,0,0,93,41,52,0,0,0
  Pathology/pathologist assistant .............................................................,10,6,4,57,11,46,0,0,0
  Respiratory therapy technician/assistant ....................................................,41,10,31,0,0,0,0,0,0
  Radiologist assistant ................................................................................,0,0,0,6,2,4,0,0,0
"  Allied health and medical assisting services, other .........................................",286,79,207,102,25,77,0,0,0
  Cardiovascular technology/technologist ......................................................,49,16,33,1,1,0,0,0,0
  Emergency medical technology/technician (EMT paramedic) .....................................,171,116,55,11,7,4,0,0,0
  Nuclear medical technology/technologist .....................................................,373,154,219,0,0,0,0,0,0
  Perfusion technology/perfusionist ...........................................................,10,8,2,48,27,21,0,0,0
  Medical radiologic technology/science radiation therapist .................................,1185,309,876,51,28,23,0,0,0
  Respiratory care therapy/therapist ..........................................................,1069,309,760,19,7,12,0,0,0
  Surgical technology/technologist ..........................................................,10,3,7,0,0,0,0,0,0
  Diagnostic medical sonography/sonographer and ultrasound technician .........................,511,74,437,12,2,10,0,0,0
  Radiologic technology/science radiographer ..................................................,1096,297,799,65,21,44,1,0,1
  Physician assistant .........................................................................,733,199,534,5439,1348,4091,10,10,0
  Athletic training/trainer ...................................................................,3385,1364,2021,517,228,289,0,0,0
  Gene/genetic therapy ...................................................................,11,0,11,0,0,0,0,0,0
  Radiation protection/health physics technician ...................................................................,13,4,9,27,15,12,1,1,0
  Magnetic resonance imaging (MRI) technology/technician .............................................................,18,7,11,0,0,0,0,0,0
"  Allied health diagnostic/intervention/treatment professions, other ....................",217,67,150,16,9,7,89,19,70
  Cytotechnology/cytotechnologist .............................................................,55,15,40,6,2,4,0,0,0
  Hematology technology/technician ............................................................,0,0,0,4,2,2,0,0,0
  Clinical/medical laboratory technician ......................................................,100,33,67,0,0,0,0,0,0
  Clinical laboratory science/medical technology/technologist .................................,2596,737,1859,159,62,97,0,0,0
  Histologic technology/histotechnologist ....................................................................,7,5,2,3,0,3,0,0,0
  Cytogenetics/genetics/clinical genetics technology/technologist .............................,44,22,22,0,0,0,0,0,0
"  Clinical/medical laboratory science and allied professions, other ...........................",127,45,82,234,99,135,13,3,10
  Pre-dentistry studies .......................................................................,14,4,10,0,0,0,0,0,0
  Pre-medicine/pre-medical studies ............................................................,744,334,410,59,31,28,0,0,0
  Pre-pharmacy studies ........................................................................,14,2,12,0,0,0,0,0,0
  Pre-veterinary studies ......................................................................,229,38,191,0,0,0,0,0,0
  Pre-nursing studies .........................................................................,20,1,19,0,0,0,0,0,0
  Pre-occupational therapy studies ......................................................,87,5,82,0,0,0,0,0,0
  Pre-optometry studies ................................................................................,1,0,1,0,0,0,0,0,0
  Pre-physical therapy studies ......................................................,186,63,123,0,0,0,0,0,0
"  Health/medical preparatory programs, other ..................................................",938,290,648,47,23,24,0,0,0
  Medicine ............................................................................,0,0,0,0,0,0,16927,8809,8118
  Medical scientist .................................................................,0,0,0,372,161,211,21,14,7
  Substance abuse/addiction counseling ........................................................,416,88,328,467,135,332,0,0,0
  Psychiatric/mental health services technician ...............................................,251,41,210,17,3,14,0,0,0
  Clinical/medical social work ................................................................,162,29,133,390,58,332,4,1,3
  Community health services/liaison/counseling ................................................,884,137,747,240,41,199,4,0,4
  Marriage and family therapy/counseling ......................................................,0,0,0,2833,465,2368,87,20,67
  Clinical pastoral counseling/patient counseling .............................................,24,7,17,53,13,40,21,13,8
  Psychoanalysis and psychotherapy ............................................................,0,0,0,16,4,12,11,4,7
  Mental health counseling/counselor ..........................................................,12,1,11,3141,504,2637,15,1,14
  Genetic counseling/counselor ................................................................,0,0,0,125,4,121,0,0,0
"  Mental and social health services and allied professions, other .............................",441,46,395,110,15,95,16,3,13
  Optometry ............................................................................,0,0,0,0,0,0,1361,476,885
  Opthalmic technician/technologist ........................................................................,4,0,4,0,0,0,0,0,0
"  Ophthalmic/optometric support services/allied professions, other ................................",7,4,3,122,56,66,2,1,1
  Osteopathic medicine/osteopathy ......................................................,0,0,0,0,0,0,4336,2283,2053
  Pharmacy ....................................................................................,731,311,420,23,12,11,12920,4959,7961
  Pharmacy admin. and pharmacy policy and regulatory affairs ....................................,17,4,13,411,180,231,25,10,15
  Pharmaceutics and drug design .................................................................,213,96,117,88,36,52,159,81,78
  Medicinal and pharmaceutical chemistry .........................................................,8,2,6,45,27,18,68,37,31
  Natural products chemistry and pharmacognosy ...................................................,0,0,0,3,1,2,5,1,4
  Clinical and industrial drug development .....................................................................,33,10,23,143,53,90,0,0,0
  Pharmacoeconomics/pharmaceutical economics .....................................................,0,0,0,2,2,0,90,49,41
"  Clinical, hospital, and managed care pharmacy ................................................",0,0,0,6,3,3,0,0,0
  Industrial and physical pharmacy and cosmetic sciences ..............................................,0,0,0,15,3,12,0,0,0
  Pharmaceutical sciences ........................................................................,279,122,157,119,47,72,81,46,35
  Pharmaceutical marketing and management ........................................................................,46,15,31,2,2,0,0,0,0
"  Pharmacy, pharmaceutical sciences, and administration, other ............................................",471,179,292,311,144,167,91,51,40
  Podiatric medicine/podiatry ......................................................,0,0,0,0,0,0,535,342,193
"  Public health, general ........................................................................",1365,317,1048,7123,1846,5277,339,100,239
  Environmental health ........................................................................,284,129,155,523,192,331,57,21,36
  Health/medical physics ......................................................................,33,14,19,79,59,20,51,34,17
  Occupational health and industrial hygiene ..................................................,83,42,41,90,51,39,9,4,5
  Public health education and promotion .......................................................,1872,326,1546,758,112,646,60,13,47
  Community health and preventive medicine ....................................................,1008,179,829,123,24,99,23,7,16
  Maternal and child health ...................................................................,5,0,5,109,4,105,17,4,13
  International public health/international health ...................................................................,45,13,32,395,81,314,2,0,2
  Health services administration ..............................................................,647,91,556,707,248,459,11,0,11
  Behavioral aspects of health ......................................................,72,21,51,4,0,4,3,0,3
"  Public health, other ........................................................................",789,206,583,797,204,593,113,29,84
  Art therapy/therapist .......................................................................,163,7,156,426,12,414,0,0,0
  Dance therapy/therapist .....................................................................,0,0,0,23,1,22,0,0,0
  Music therapy/therapist .....................................................................,266,34,232,79,10,69,3,1,2
  Occupational therapy/therapist ..............................................................,850,80,770,4992,469,4523,231,25,206
  Orthotist/prosthetist .......................................................................,28,13,15,52,19,33,0,0,0
  Physical therapy/therapist ..................................................................,324,107,217,417,143,274,9314,2892,6422
  Therapeutic recreation/recreational therapy .................................................,466,68,398,60,10,50,0,0,0
  Vocational rehabilitation counseling/counselor ..............................................,282,49,233,1040,217,823,9,6,3
  Kinesiotherapy/kinesiotherapist .........................................................................,38,9,29,11,2,9,0,0,0
  Animal-assisted therapy ................................................................................,2,0,2,0,0,0,0,0,0
  Rehabilitation science ...............................................,406,109,297,108,37,71,31,17,14
"  Rehabilitation and therapeutic professions, other ...................................................",573,116,457,363,62,301,24,9,15
  Veterinary medicine ...........................................................................,0,0,0,0,0,0,2616,588,2028
"  Veterinary sciences/veterinary clinical sciences, general .......................",33,5,28,198,69,129,200,67,133
  Veterinary physiology .......................................................................,0,0,0,0,0,0,1,1,0
  Veterinary microbiology and immunobiology ...................................................,30,6,24,2,1,1,4,2,2
  Veterinary pathology and pathobiology ......................................................................,0,0,0,1,0,1,14,8,6
  Large animal/food animal/equine surgery and medicine .........................................,0,0,0,2,0,2,2,1,1
  Small/companion animal surgery and medicine .................................................,0,0,0,3,2,1,0,0,0
  Comparative and laboratory animal medicine ..................................................,0,0,0,24,4,20,0,0,0
  Veterinary preventive medicine epidemiology/public health ......................................,0,0,0,2,1,1,0,0,0
  Veterinary infectious diseases ........................................................,0,0,0,0,0,0,15,5,10
  Medical illustration/medical illustrator ......................................................,66,9,57,38,7,31,0,0,0
  Medical informatics .........................................................................,42,14,28,236,124,112,34,21,13
  Dietetics/dietitian ....................................................................,2565,276,2289,399,20,379,1,0,1
  Clinical nutrition/nutritionist .............................................................,124,17,107,134,14,120,6,0,6
"  Dietetics and clinical nutrition services, other ............................................",74,5,69,21,2,19,0,0,0
  Bioethics/medical ethics ....................................................................,1,1,0,237,106,131,21,7,14
"  Alternative and complementary medicine and medical systems, general ......................................................",101,18,83,13,4,9,29,14,15
  Acupuncture .................................................................................,94,36,58,1326,416,910,55,14,41
  Traditional Chinese medicine and Chinese herbology ....................................,0,0,0,283,59,224,9,5,4
  Naturopathic medicine/naturopathy ......................................................,0,0,0,0,0,0,299,62,237
  Holistic health ............................................................................,19,1,18,4,0,4,0,0,0
"  Alternative and complementary medicine and medical systems, other ......................................................",22,3,19,20,1,19,0,0,0
  Direct entry midwifery ................................................................................,3,0,3,6,0,6,0,0,0
  Massage therapy/therapeutic massage ......................................................,2,0,2,0,0,0,0,0,0
  Asian bodywork therapy ................................................................................,1,1,0,0,0,0,0,0,0
  Movement therapy and movement education ......................................................,37,15,22,16,0,16,3,2,1
  Herbalism/herbalist .............................................................................................................................................................,10,1,9,22,3,19,0,0,0
"  Energy and biologically based therapies, other ...................................................",9,4,5,0,0,0,0,0,0
  Registered nursing/registered nurse ......................................................,92029,10773,81256,11512,1044,10468,487,54,433
  Nursing administration ................................................................................,308,39,269,3785,393,3392,156,20,136
  Adult health nurse/nursing ......................................................,48,7,41,845,84,761,7,0,7
  Nurse anesthetist ............................................................................,0,0,0,1737,682,1055,60,17,43
  Family practice nurse/nursing ......................................................,476,73,403,3897,413,3484,120,6,114
  Maternal/child health and neonatal nurse/nursing ......................................................,0,0,0,192,5,187,0,0,0
  Nurse midwife/nursing midwifery ......................................................,0,0,0,216,1,215,3,0,3
  Nursing science ............................................................................,1277,165,1112,2195,193,2002,534,29,505
  Pediatric nurse/nursing ................................................................................,0,0,0,267,7,260,0,0,0
  Psychiatric/mental health nurse/nursing ......................................................,0,0,0,221,39,182,1,1,0
  Public health/community nurse/nursing ......................................................,0,0,0,205,7,198,0,0,0
  Perioperative/operating room and surgical nurse/nursing ......................................................,0,0,0,28,1,27,0,0,0
  Clinical nurse specialist ......................................................,62,8,54,263,35,228,38,5,33
  Critical care nursing ................................................................................,0,0,0,117,22,95,2,0,2
  Occupational and environmental health nursing ......................................................,0,0,0,7,1,6,3,0,3
  Emergency room/trauma nursing ......................................................,0,0,0,26,4,22,0,0,0
  Nursing education ..........................................................................................................,23,5,18,1552,94,1458,12,0,12
  Nursing practice ..........................................................................................................,716,80,636,323,48,275,985,95,890
  Palliative care nursing ................................................................................,6,3,3,11,1,10,0,0,0
  Clinical nurse leader ................................................................................,55,5,50,256,27,229,0,0,0
  Geriatric nurse/nursing ................................................................................,0,0,0,92,12,80,0,0,0
  Women's health nurse/nursing ......................................................,0,0,0,152,0,152,0,0,0
"  Reg. nursing, nursing admin., nursing research and clinical nursing, other ......................................................",1295,122,1173,1195,106,1089,121,11,110
  Licensed practical/vocational nurse training .............................................,9,1,8,0,0,0,0,0,0
"  Practical nursing, vocational nursing and nursing assistants, other ......................................................",43,1,42,47,0,47,0,0,0
"  Health professions and related clinical sciences, other ......................................................",4145,990,3155,728,230,498,120,49,71
, ,,, ,,, ,,
"Homeland security, law enforcement, firefighting and related prot. services ............................................................",53767,27740,26027,8402,3947,4455,117,63,54
  Corrections .................................................................................,611,270,341,13,4,9,0,0,0
  Criminal justice/law enforcement administration .............................................,16435,8236,8199,2240,1037,1203,19,10,9
  Criminal justice/safety studies .............................................................,28064,14219,13845,3641,1465,2176,94,52,42
  Forensic science and technology .............................................................,816,211,605,611,143,468,0,0,0
  Criminal justice/police science .............................................................,2035,1272,763,58,25,33,2,1,1
  Security and loss prevention services .......................................................,84,58,26,25,12,13,0,0,0
  Juvenile corrections ........................................................................,28,7,21,5,1,4,1,0,1
  Criminalistics and criminal science .........................................................,134,32,102,14,3,11,0,0,0
  Securities services administration/management .......................................................,760,374,386,225,177,48,0,0,0
  Corrections administration ..................................................................,73,41,32,8,4,4,0,0,0
  Cyber/computer forensics and counterterrorism ......................................................,37,23,14,38,29,9,0,0,0
  Financial forensics and fraud investigation ......................................................,37,6,31,82,37,45,0,0,0
  Law enforcement intelligence analysis ................................................,38,20,18,0,0,0,0,0,0
  Critical incident response/special police operations ...........................................,0,0,0,6,3,3,0,0,0
"  Corrections and criminal justice, other .....................................................",1789,752,1037,104,53,51,0,0,0
  Fire prevention and safety technology/technician ............................................,176,157,19,5,4,1,0,0,0
  Fire services administration ................................................................,389,356,33,39,35,4,0,0,0
  Fire science/firefighting ...................................................................,492,456,36,0,0,0,0,0,0
  Fire/arson investigation and prevention ................................................................,2,1,1,0,0,0,0,0,0
"  Fire protection, other ......................................................................",59,51,8,0,0,0,0,0,0
  Homeland security ..........................................................................................................,424,341,83,379,279,100,0,0,0
  Crisis/emergency/disaster management ......................................................,354,265,89,242,177,65,1,0,1
  Critical infrastructure protection .................................................,52,36,16,33,24,9,0,0,0
"  Homeland security, other ................................................................................",62,44,18,10,8,2,0,0,0
"  Homeland sec., law enforcement, firefighting and related prot. serv., other .....................................................",816,512,304,624,427,197,0,0,0
,,,,,,,,,
Legal professions and studies .............................................................................,4592,1388,3204,6614,3209,3405,46836,24764,22072
  Pre-law studies .............................................................................,276,139,137,0,0,0,0,0,0
"  Legal studies, general .........................................................................................................",1763,640,1123,362,113,249,6,2,4
  Law ....................................................................................................................................,0,0,0,0,0,0,46445,24576,21869
"  Advanced legal research/studies, general ......................................................................................",96,49,47,1304,650,654,136,66,70
  Programs for foreign lawyers ....................................................................,0,0,0,808,400,408,0,0,0
  American/U.S. law/legal studies/jurisprudence .............................................,28,6,22,247,100,147,25,13,12
"  Banking, corporate, finance, and securities law ......................................",0,0,0,235,131,104,0,0,0
  Comparative law ......................................................................................,0,0,0,62,36,26,0,0,0
"  Energy, environment, and natural resources law ..................................",2,1,1,98,56,42,12,7,5
  Health law .............................................................................................,0,0,0,162,34,128,6,2,4
  International law and legal studies .......................................................................,1,1,0,332,156,176,42,22,20
"  International business, trade, and tax law ................................................................",0,0,0,139,83,56,0,0,0
  Tax law/taxation ......................................................................,0,0,0,691,428,263,35,15,20
  Intellectual property law ................................................................................,0,0,0,119,68,51,19,8,11
"  Legal research and advanced professional studies, other .....................................",0,0,0,604,344,260,28,18,10
  Legal administrative assistant/secretary ......................................................,1,0,1,0,0,0,0,0,0
  Legal assistant/paralegal ...................................................................,2009,395,1614,105,17,88,0,0,0
  Court reporting/court reporter ..............................................................,14,0,14,0,0,0,0,0,0
"  Legal support services, other ...............................................................",0,0,0,8,3,5,0,0,0
"  Legal professions and studies, other ........................................................",402,157,245,1338,590,748,82,35,47
, ,,, ,,, ,,
"Liberal arts and sciences, general studies and humanities ...................................",46925,16944,29981,3791,1490,2301,93,32,61
  Liberal arts and sciences/liberal studies ...................................................,26247,8573,17674,2176,841,1335,13,6,7
  General studies .............................................................................,15044,6244,8800,163,50,113,4,0,4
  Humanities/humanistic studies ...............................................................,2577,867,1710,644,239,405,75,25,50
"  Liberal arts and sciences, general studies and humanities, other ............................",3057,1260,1797,808,360,448,1,1,0
, ,,, ,,, ,,
Library science .............................................................................,95,7,88,7441,1425,6016,60,24,36
  Library and information science ...............................................................,95,7,88,7228,1389,5839,60,24,36
"  Library science, other ......................................................................",0,0,0,213,36,177,0,0,0
, ,,, ,,, ,,
Mathematics and statistics ..................................................................,18842,10723,8119,6245,3694,2551,1669,1198,471
"  Mathematics, general ........................................................................",15670,8743,6927,2881,1765,1116,1061,803,258
"  Mathematics, other ..........................................................................",290,166,124,24,12,12,6,4,2
"  Applied mathematics, general .........................................................................",1330,871,459,813,531,282,206,137,69
  Computational mathematics ...................................................................,66,52,14,24,18,6,13,11,2
  Computational and applied mathematics ......................................................,48,27,21,48,34,14,19,14,5
  Financial mathematics ................................................................................,41,22,19,275,162,113,2,2,0
  Mathematical biology ..........................................................................,2,1,1,1,0,1,0,0,0
"  Applied mathematics, other ..................................................................",184,137,47,110,74,36,13,8,5
"  Statistics, general .........................................................................",864,505,359,1832,950,882,323,205,118
  Mathematical statistics and probability .....................................................,110,64,46,124,78,46,19,10,9
  Mathematics and statistics ......................................................,30,23,7,53,29,24,0,0,0
"  Statistics, other ...........................................................................",40,26,14,12,9,3,1,0,1
"  Mathematics and statistics, other ...........................................................",167,86,81,48,32,16,6,4,2
, ,,, ,,, ,,
Military technologies and applied sciences ..............................................................................,86,69,17,29,21,8,0,0,0
"  Intelligence, general .......................................................................... ",7,4,3,0,0,0,0,0,0
  Strategic intelligence ............................................................,0,0,0,27,20,7,0,0,0
"  Military applied sciences, other ......................................................",41,38,3,2,1,1,0,0,0
"  Military technologies and applied sciences, other ......................................................",38,27,11,0,0,0,0,0,0
, ,,, ,,, ,,
Multi/interdisciplinary studies .............................................................,45716,14594,31122,7745,2988,4757,727,297,430
"  Multi/interdisciplinary studies, general .............................................................",2099,795,1304,31,12,19,46,13,33
  Biological and physical sciences ............................................................,2181,903,1278,371,137,234,56,28,28
  Peace studies and conflict resolution .......................................................,393,147,246,587,199,388,36,14,22
  Systems science and theory ..................................................................,217,138,79,209,100,109,17,12,5
  Mathematics and computer science ............................................................,167,124,43,37,27,10,13,12,1
  Biopsychology ...............................................................................,189,56,133,4,1,3,5,1,4
  Gerontology .................................................................................,253,26,227,374,53,321,23,2,21
  Historic preservation and conservation ......................................................,113,32,81,216,50,166,2,1,1
  Cultural resource management and policy analysis ......................................................,0,0,0,29,6,23,1,0,1
  Medieval and renaissance studies ............................................................,47,13,34,16,8,8,9,5,4
  Museology/museum studies ....................................................................,24,7,17,460,58,402,0,0,0
"  Science, technology and society .............................................................",549,310,239,132,56,76,19,7,12
  Accounting and computer science .............................................................,3,1,2,12,7,5,0,0,0
  Behavioral sciences .........................................................................,5161,895,4266,82,28,54,26,9,17
  Natural sciences ............................................................................,567,194,373,141,41,100,6,1,5
  Nutrition sciences ..........................................................................,1623,271,1352,648,94,554,123,26,97
  International/global studies ................................................................,4990,1875,3115,1170,731,439,0,0,0
  Holocaust and related studies ................................................................,6,3,3,6,0,6,0,0,0
  Ancient studies/civilization ................................................................,121,51,70,2,1,1,5,3,2
"  Classical, ancient Mediterranean/Near Eastern studies/archaeology ...................",123,55,68,3,2,1,7,4,3
  Intercultural/multicultural and diversity studies ..........................................,117,28,89,86,21,65,1,1,0
  Cognitive science ...........................................................................,522,230,292,82,38,44,31,20,11
  Cultural studies/critical theory and analysis ......................................................,134,53,81,3,0,3,1,0,1
  Human biology ............................................................................,490,135,355,0,0,0,0,0,0
  Dispute resolution ............................................................................,0,0,0,219,79,140,0,0,0
  Maritime studies ............................................................................,20,6,14,0,0,0,0,0,0
  Computational science ................................................................................,3,2,1,26,23,3,5,4,1
  Human computer interaction ......................................................,0,0,0,59,38,21,5,4,1
  Marine sciences ............................................................................,44,18,26,38,8,30,6,5,1
  Sustainability studies ................................................................................,250,121,129,197,87,110,2,2,0
"  Multi/interdisciplinary studies, other .....................................................",25310,8105,17205,2505,1083,1422,282,123,159
, ,,, ,,, ,,
"Parks, recreation, leisure, and fitness studies ..............................................",38993,20830,18163,7047,3938,3109,288,161,127
"  Parks, recreation and leisure studies .......................................................",2672,1269,1403,302,121,181,24,5,19
"  Parks, recreation and leisure facilities management .........................................",2970,1575,1395,427,238,189,17,11,6
  Golf course operation and grounds management ......................................................,25,21,4,0,0,0,0,0,0
"  Parks, recreation and leisure facilities management, other ..................................................",7,4,3,0,0,0,0,0,0
"  Health and physical education/fitness, general ......................................................",8235,4239,3996,1173,617,556,22,11,11
  Sport and fitness administration/management .................................................,6734,4936,1798,3013,1912,1101,22,16,6
  Kinesiology and exercise science ............................................................,16696,7907,8789,1980,987,993,175,106,69
  Physical fitness technician ......................................................,36,17,19,0,0,0,0,0,0
  Sports studies ............................................................................,202,157,45,77,37,40,0,0,0
"  Health and physical education/fitness, other ................................................",1212,580,632,39,11,28,18,6,12
  Outdoor education ............................................................................,58,37,21,28,12,16,0,0,0
"  Parks, recreation, leisure, and fitness studies, other .......................................",146,88,58,8,3,5,10,6,4
, ,,, ,,, ,,
Philosophy and religious studies ............................................................,12651,7963,4688,2003,1253,750,778,542,236
"  Philosophy and religious studies, general ......................................................",76,47,29,3,1,2,10,5,5
  Philosophy ..................................................................................,7179,4998,2181,810,616,194,479,353,126
  Logic .......................................................................................,5,3,2,10,7,3,1,1,0
  Ethics ......................................................................................,91,29,62,37,14,23,0,0,0
  Applied and professional ethics ......................................................,39,22,17,18,9,9,0,0,0
"  Philosophy, other ...........................................................................",135,68,67,8,4,4,7,7,0
  Religion/religious studies ..................................................................,4088,2212,1876,599,338,261,227,142,85
  Buddhist studies ................................................................,0,0,0,0,0,0,2,1,1
  Christian studies ...........................................................................,441,279,162,252,137,115,0,0,0
  Islamic studies .............................................................................,12,7,5,13,3,10,4,3,1
  Jewish/Judaic studies .......................................................................,134,48,86,64,26,38,10,9,1
"  Religion/religious studies, other ...........................................................",124,64,60,66,38,28,8,4,4
"  Philosophy and religious studies, other .....................................................",327,186,141,123,60,63,30,17,13
, ,,, ,,, ,,
Physical sciences and science technologies ...........................................................................,26663,15972,10691,6910,4299,2611,5370,3609,1761
  Physical sciences ...........................................................................,26103,15664,10439,6869,4279,2590,5369,3608,1761
    Physical sciences ...........................................................................,396,215,181,64,40,24,15,12,3
    Astronomy ...................................................................................,207,128,79,101,59,42,107,69,38
    Astrophysics ................................................................................,149,90,59,15,13,2,34,23,11
    Planetary astronomy and science .............................................................,7,3,4,6,1,5,7,5,2
"    Astronomy and astrophysics, other ...........................................................",29,18,11,5,4,1,22,16,6
"    Atmospheric sciences and meteorology, general ......................................................",531,339,192,198,113,85,116,68,48
    Atmospheric physics and dynamics ....................................................,0,0,0,0,0,0,1,1,0
    Meteorology .................................................................................,193,127,66,39,32,7,8,7,1
"    Atmospheric sciences and meteorology, other .................................................",11,6,5,3,2,1,0,0,0
"    Chemistry, general ..........................................................................",12941,6673,6268,2318,1265,1053,2426,1476,950
    Analytical chemistry ........................................................................,7,2,5,37,22,15,2,2,0
    Inorganic chemistry .....................................................................,0,0,0,0,0,0,2,2,0
    Organic chemistry ...........................................................................,0,0,0,0,0,0,9,9,0
    Physical chemistry ....................................................................................,0,0,0,1,1,0,4,4,0
    Polymer chemistry ...........................................................................,6,4,2,15,11,4,37,23,14
    Chemical physics ............................................................................,13,7,6,4,3,1,16,11,5
    Environmental chemistry ............................................................................................,8,6,2,0,0,0,1,1,0
    Forensic chemistry ................................................................................,48,8,40,0,0,0,0,0,0
"    Chemistry, other ............................................................................",449,204,245,60,31,29,40,23,17
"    Geology/earth science, general ..............................................................",4334,2641,1693,1321,750,571,381,210,171
    Geochemistry ................................................................................,23,8,15,16,6,10,3,2,1
    Geophysics and seismology ...................................................................,94,68,26,104,70,34,54,32,22
    Paleontology ................................................................................,3,3,0,1,1,0,0,0,0
    Hydrology and water resources science .......................................................,60,33,27,58,37,21,10,8,2
    Geochemistry and petrology ............................................................,0,0,0,0,0,0,0,0,0
"    Oceanography, chemical and physical .........................................................",226,120,106,153,67,86,115,60,55
"    Geological and earth sciences/geosciences, other ............................................",371,217,154,154,95,59,49,30,19
"    Physics, general ............................................................................",5265,4263,1002,1681,1323,358,1621,1305,316
    Atomic/molecular physics ....................................................................,16,10,6,11,6,5,9,8,1
    Elementary particle physics ..............................................................,0,0,0,0,0,0,3,2,1
    Nuclear physics .............................................................................,0,0,0,0,0,0,0,0,0
    Optics/optical sciences .....................................................................,37,28,9,77,59,18,38,31,7
    Condensed matter and materials physics ......................................................,0,0,0,1,1,0,6,4,2
    Acoustics ...................................................................................,19,16,3,17,14,3,2,0,2
    Theoretical and mathematical physics ........................................................,9,7,2,0,0,0,0,0,0
"    Physics, other ..............................................................................",185,152,33,85,62,23,73,52,21
    Materials science ................................................................................,104,64,40,178,119,59,136,96,40
    Materials chemistry ................................................................................,8,4,4,9,9,0,3,3,0
"    Materials sciences, other ........................................................................",0,0,0,1,1,0,0,0,0
"    Physical sciences, other ....................................................................",354,200,154,136,62,74,19,13,6
, ,,, ,,, ,,
  Science technologies/technicians ............................................................,560,308,252,41,20,21,1,1,0
"    Science technologies/technicians, general .................................................................",4,4,0,0,0,0,0,0,0
    Biology technician/biotechnology laboratory technician ......................................,50,22,28,0,0,0,1,1,0
    Nuclear/nuclear power technology/technician .................................................,18,17,1,5,4,1,0,0,0
"    Nuclear and industrial radiologic technologies/technicians, other .........................................",1,0,1,0,0,0,0,0,0
    Chemical technology/technician ..............................................................,4,2,2,9,6,3,0,0,0
"    Physical science technologies/technicians, other ............................................",1,1,0,0,0,0,0,0,0
"    Science technologies/technicians, other .....................................................",482,262,220,27,10,17,0,0,0
, ,,, ,,, ,,
Precision production ........................................................................,37,28,9,11,9,2,0,0,0
  Tool and die technology/technician .......................................................,2,2,0,0,0,0,0,0,0
  Welding technology/welder ...................................................................,13,13,0,0,0,0,0,0,0
  Furniture design and manufacturing ..........................................................,22,13,9,11,9,2,0,0,0
, ,,, ,,, ,,
Psychology ..................................................................................,108986,25406,83580,26834,5435,21399,5928,1519,4409
"  Psychology, general .........................................................................",102756,24073,78683,6265,1618,4647,1773,536,1237
  Cognitive psychology and psycholinguistics ..................................................,67,32,35,10,2,8,10,3,7
  Comparative psychology ..............................................................,0,0,0,5,1,4,0,0,0
  Developmental and child psychology ..........................................................,678,49,629,291,32,259,48,4,44
  Experimental psychology .....................................................................,719,170,549,149,50,99,108,48,60
  Personality psychology ......................................................................,23,3,20,6,0,6,0,0,0
  Physiological psychology/psychobiology ......................................................,954,283,671,13,3,10,11,3,8
  Social psychology ...........................................................................,882,193,689,40,14,26,41,13,28
  Psychometrics and quantitative psychology ...................................................,1,0,1,15,5,10,1,1,0
  Psychopharmacology ..........................................................................,0,0,0,37,7,30,0,0,0
"  Research and experimental psychology, other ......................................................",3,1,2,0,0,0,0,0,0
  Clinical psychology ................................................................................,95,20,75,2469,493,1976,2366,507,1859
  Community psychology ................................................................................,469,71,398,280,56,224,23,6,17
  Counseling psychology ...............................................................................,542,100,442,8338,1583,6755,412,99,313
  Industrial and organizational psychology ......................................................,256,106,150,1054,330,724,102,41,61
  School psychology ...........................................................................,0,0,0,1613,205,1408,259,46,213
  Educational psychology ......................................................................,131,8,123,1367,237,1130,470,138,332
  Clinical child psychology ...................................................................,1,0,1,28,4,24,26,5,21
  Environmental psychology ................................................................................,20,15,5,25,9,16,8,3,5
  Geropsychology ..................................................................,0,0,0,1,0,1,1,0,1
  Health/medical psychology ............................................................................................,30,9,21,38,9,29,6,2,4
  Family psychology ...........................................................................,7,1,6,43,5,38,1,0,1
  Forensic psychology .........................................................................,524,85,439,722,102,620,37,5,32
  Applied psychology ..........................................................................................................,297,53,244,580,83,497,8,2,6
  Applied behavior analysis ............................................................................................,52,15,37,181,29,152,30,10,20
"  Clinical, counseling and applied psychology, other ......................................................",1,0,1,626,119,507,53,5,48
"  Psychology, other ..........................................................................................................",478,119,359,2638,439,2199,134,42,92
, ,,, ,,, ,,
Public administration and social service professions ........................................,29695,5385,24310,41680,10475,31205,884,338,546
"  Human services, general .....................................................................",6310,812,5498,1773,316,1457,48,18,30
  Community organization and advocacy .........................................................,2022,454,1568,604,167,437,8,2,6
  Public administration .......................................................................,3259,1640,1619,12926,5441,7485,219,117,102
"  Public policy analysis, general ......................................................................",1108,503,605,2728,1280,1448,221,96,125
  Education policy analysis ................................................................................,0,0,0,15,3,12,7,2,5
  Health policy analysis ................................................................................,67,11,56,36,15,21,0,0,0
  International policy analysis ......................................................,0,0,0,40,25,15,0,0,0
  Social work .................................................................................,16642,1885,14757,22305,2931,19374,298,71,227
  Youth services/administration ...............................................................,18,4,14,12,0,12,0,0,0
"  Social work, other ..........................................................................",39,1,38,77,9,68,0,0,0
"  Public administration and social service professions, other .................................",230,75,155,1164,288,876,83,32,51
, ,,, ,,, ,,
Social sciences and history .............................................................................,178543,90634,87909,21889,10983,10906,4597,2464,2133
  Social sciences .............................................................................,143422,69664,73758,17734,8741,8993,3628,1931,1697
"    Social sciences, general ....................................................................",9656,3361,6295,602,204,398,24,13,11
    Research methodology and quantitative methods ...............................................................,0,0,0,5,3,2,0,0,0
    Anthropology ................................................................................,10679,3073,7606,1185,396,789,563,203,360
    Physical anthropology ................................................................................,58,18,40,12,5,7,4,2,2
    Cultural anthropology ............................................................................................,4,1,3,0,0,0,0,0,0
"    Anthropology, other ...................................................................................................",93,29,64,36,7,29,8,2,6
    Archeology ..................................................................................,264,70,194,46,11,35,10,4,6
    Criminology .................................................................................,6313,3223,3090,732,252,480,53,20,33
    Demography and population studies ...........................................................,0,0,0,94,52,42,9,2,7
"    Economics, general ..........................................................................",26425,18698,7727,2896,1840,1056,1055,709,346
    Applied economics ...........................................................................,281,182,99,264,187,77,29,18,11
    Econometrics and quantitative economics .....................................................,374,261,113,27,18,9,0,0,0
    Development economics and international development .........................................,233,66,167,398,140,258,24,17,7
    International economics .....................................................................,242,125,117,213,107,106,15,12,3
"    Economics, other ............................................................................",440,294,146,92,47,45,7,2,5
    Geography ...................................................................................,4807,3136,1671,929,538,391,275,168,107
    Cartography .................................................................................,167,132,35,177,132,45,4,3,1
"    Geography, other ............................................................................",171,94,77,20,15,5,1,0,1
    International relations and affairs .........................................................,9719,3786,5933,4610,2249,2361,85,44,41
    National security policy studies ......................................................,12,12,0,160,107,53,0,0,0
"    International relations and national security studies, other ......................................................",113,48,65,53,28,25,0,0,0
"    Political science and government, general ...................................................",38789,21787,17002,2226,1229,997,739,444,295
    American government and politics (United States) ............................................,172,99,73,171,104,67,0,0,0
    Political economy ..........................................................................................................,110,65,45,0,0,0,0,0,0
"    Political science and government, other .....................................................",729,368,361,111,66,45,7,3,4
    Sociology ...................................................................................,30132,9295,20837,1696,574,1122,626,231,395
    Urban studies/affairs .......................................................................,1105,504,601,479,211,268,62,26,36
    Sociology and anthropology ......................................................,334,96,238,10,2,8,0,0,0
    Rural sociology ..........................................................................................................,20,9,11,1,1,0,0,0,0
"    Social sciences, other ......................................................................",1980,832,1148,489,216,273,28,8,20
, ,,, ,,, ,,
  History ...................................................................................................,35121,20970,14151,4155,2242,1913,969,533,436
"    History, general ............................................................................",34384,20571,13813,3557,1902,1655,917,503,414
    American history (United States) ............................................................,82,46,36,53,20,33,7,2,5
    European history ............................................................................,31,16,15,5,2,3,0,0,0
    History and philosophy of science and technology ............................................,122,49,73,37,19,18,24,17,7
    Public/applied history and archival administration ..........................................,22,7,15,182,39,143,3,0,3
    Asian history ...............................................................................,2,2,0,0,0,0,1,1,0
    Military history ............................................................................,25,25,0,171,151,20,0,0,0
"    History, other ..............................................................................",453,254,199,150,109,41,17,10,7
, ,,, ,,, ,,
Theology and religious vocations ............................................................,9369,6275,3094,13396,8582,4814,2447,1857,590
  Bible/biblical studies ......................................................................,2920,1883,1037,547,409,138,28,24,4
  Missions/missionary studies and missiology ..................................................,519,199,320,273,144,129,125,93,32
  Religious education .........................................................................,839,419,420,610,339,271,62,34,28
  Religious/sacred music ......................................................................,297,171,126,103,51,52,0,0,0
  Theology/theological studies ................................................................,1092,718,374,4188,2800,1388,533,392,141
  Divinity/ministry ............................................................................,190,124,66,4913,3210,1703,1029,793,236
  Pre-theology/pre-ministerial studies ........................................................,169,138,31,0,0,0,0,0,0
  Rabbinical studies .....................................................................,0,0,0,136,91,45,27,27,0
  Talmudic studies ............................................................................,1459,1459,0,430,428,2,38,38,0
"  Theological and ministerial studies, other ..................................................",376,211,165,575,351,224,279,222,57
  Pastoral studies/counseling .................................................................,404,278,126,752,299,453,96,61,35
  Youth ministry ..............................................................................,560,383,177,57,28,29,0,0,0
  Urban ministry ............................................................................,46,18,28,51,33,18,15,11,4
  Lay ministry ............................................................................,62,43,19,68,29,39,0,0,0
"  Pastoral counseling and specialized ministries, other .......................................",117,42,75,145,61,84,18,14,4
"  Theology and religious vocations, other .....................................................",319,189,130,548,309,239,197,148,49
, ,,, ,,, ,,
Transportation and materials moving .........................................................,4876,4305,571,1702,1441,261,0,0,0
"  Aeronautics/aviation/aerospace science and technology, general ..............................",2718,2438,280,149,122,27,0,0,0
  Airline/commercial/professional pilot and flight crew .......................................,755,674,81,1264,1095,169,0,0,0
  Aviation/airway management and operations ...................................................,836,704,132,242,190,52,0,0,0
  Air traffic controller ......................................................................,222,181,41,0,0,0,0,0,0
  Flight instructor ................................................................,8,7,1,0,0,0,0,0,0
"  Air transportation, other ...................................................................",18,15,3,47,34,13,0,0,0
  Marine science/merchant marine officer ......................................................,319,286,33,0,0,0,0,0,0
, ,,, ,,, ,,
Visual and performing arts ..................................................................,95797,37158,58639,17331,7331,10000,1728,790,938
"  Visual and performing arts, general .........................................................",1656,624,1032,148,64,84,12,7,5
  Digital arts ............................................................................,373,242,131,103,71,32,0,0,0
"  Crafts/craft design, folk art and artisanry ................................................. ",125,35,90,2,1,1,0,0,0
"  Dance, general ..............................................................................",2104,212,1892,237,36,201,10,0,10
  Ballet ......................................................................................,23,3,20,4,0,4,0,0,0
"  Dance, other ................................................................................",16,1,15,2,0,2,3,0,3
"  Design and visual communications, general ...................................................",3086,1083,2003,510,196,314,3,1,2
  Commercial and advertising art ..............................................................,1484,554,930,115,50,65,0,0,0
  Industrial design ...........................................................................,1476,935,541,179,101,78,0,0,0
  Commercial photography ...........................................................................,415,135,280,12,5,7,0,0,0
  Fashion/apparel design ......................................................................,2379,194,2185,196,16,180,3,0,3
  Interior design .............................................................................,3708,311,3397,466,57,409,0,0,0
  Graphic design ..............................................................................,5972,2379,3593,235,91,144,0,0,0
  Illustration ................................................................................,1557,592,965,134,64,70,0,0,0
  Game and interactive media design ......................................................,1211,1006,205,121,80,41,0,0,0
"  Design and applied arts, other ..............................................................",941,334,607,284,118,166,5,0,5
"  Drama and dramatics/theatre arts, general ...................................................",9218,3374,5844,1210,495,715,95,43,52
  Technical theatre/theatre design and technology .............................................,571,278,293,142,55,87,0,0,0
  Playwriting and screenwriting ...............................................................,150,91,59,188,97,91,0,0,0
"  Theatre literature, history and criticism ...................................................",33,7,26,8,3,5,1,0,1
  Acting ......................................................................................,596,250,346,205,98,107,0,0,0
  Directing and theatrical production .........................................................,63,29,34,83,35,48,0,0,0
  Musical theatre ............................................................................,306,120,186,0,0,0,0,0,0
  Costume design ............................................................................,10,4,6,3,1,2,0,0,0
"  Dramatic/theatre arts and stagecraft, other .................................................",313,112,201,44,23,21,4,1,3
  Film/cinema studies .........................................................................,3072,1910,1162,382,222,160,41,20,21
  Cinematography and film/video production ....................................................,4628,3202,1426,813,469,344,5,5,0
  Photography .................................................................................,1865,596,1269,259,120,139,0,0,0
  Documentary production ................................................................................,11,4,7,10,4,6,0,0,0
"  Film/video and photographic arts, other .....................................................",928,529,399,92,53,39,0,0,0
"  Art/art studies, general ....................................................................",12769,3861,8908,804,346,458,12,1,11
"  Fine/studio arts, general ...................................................................",10155,3234,6921,1414,622,792,0,0,0
"  Art history, criticism and conservation .....................................................",3597,429,3168,939,128,811,200,46,154
  Drawing .....................................................................................,300,87,213,31,14,17,0,0,0
  Intermedia/multimedia .......................................................................,441,212,229,41,25,16,0,0,0
  Painting ....................................................................................,692,214,478,224,93,131,0,0,0
  Sculpture ...................................................................................,322,142,180,70,31,39,0,0,0
  Printmaking .................................................................................,179,60,119,55,25,30,0,0,0
  Ceramic arts and ceramics ...................................................................,209,81,128,52,20,32,0,0,0
"  Fiber, textile and weaving arts .............................................................",203,11,192,47,6,41,2,1,1
  Metal and jewelry arts ......................................................................,129,17,112,34,7,27,0,0,0
"  Fine arts and art studies, other ............................................................",1341,439,902,322,105,217,0,0,0
"  Music, general ..............................................................................",7763,4102,3661,1994,1001,993,593,333,260
"  Music history, literature, and theory .......................................................",113,47,66,45,23,22,19,8,11
"  Music performance, general ..................................................................",4202,2222,1980,2333,1136,1197,402,162,240
  Music theory and composition ................................................................,508,376,132,273,189,84,68,50,18
  Musicology and ethnomusicology ..............................................................,42,27,15,60,31,29,52,21,31
  Conducting ..................................................................................,5,2,3,115,76,39,29,26,3
  Keyboard instruments ................................................................................,135,61,74,151,48,103,46,12,34
  Voice and opera .............................................................................,306,96,210,209,64,145,16,5,11
  Jazz/jazz studies ...........................................................................,301,253,48,151,127,24,6,6,0
  Stringed instruments ................................................................................,196,101,95,192,91,101,36,14,22
  Music pedagogy ..............................................................................,68,20,48,50,11,39,16,4,12
  Music technology ............................................................................,111,88,23,17,15,2,0,0,0
  Brass instruments ............................................................................,21,17,4,25,17,8,3,2,1
  Woodwind instruments ................................................................................,40,25,15,48,17,31,3,2,1
  Percussion instruments ................................................................................,23,19,4,7,5,2,1,1,0
"  Music, other ............................................................................",754,463,291,290,174,116,19,12,7
"  Arts, entertainment, and media management, general ......................................................",161,52,109,159,32,127,0,0,0
  Fine and studio arts management ......................................................,623,231,392,457,73,384,0,0,0
  Music management ............................................................................,1253,771,482,0,0,0,0,0,0
  Theatre/theatre arts management ......................................................,83,30,53,50,8,42,0,0,0
"  Arts, entertainment, and media management, other ......................................................",21,8,13,1,0,1,0,0,0
"  Visual and performing arts, other ...........................................................",441,214,227,484,146,338,23,7,16
, ,,,,,,,,
Not classified by field of study .......................................................................................................................................,0,0,0,0,0,0,0,0,0
"\1\Includes Ph.D., Ed.D., and comparable degrees at the doctoral level. Includes most degrees formerly classified as first-professional, such as M.D., D.D.S., and law degrees.  ",,,,,,,,,
NOTE: Data are for postsecondary institutions participating in Title IV federal financial aid programs. Aggregations by field of study derived from the Classification of Instructional Programs developed by the National Center for Education Statistics.,,,,,,,,,
"SOURCE: U.S. Department of Education, National Center for Education Statistics, Integrated Postsecondary Education Data System (IPEDS), Fall 2012, Completions component. (This table was prepared July 2013.)",,,,,,,,,